48.0
96.0
146.0
191.0
239.0
284.0
332.0
379.0
429.0
476.0
525.0
574.0
620.0
666.0
714.0
764.0
811.0
859.0
904.0
948.0
995.0
1042.0
1091.0
1139.0
1186.0
1234.0
1280.0
1324.0
1371.0
1415.0
1464.0
1510.0
1560.0
1605.0
1652.0
1697.0
1743.0
1792.0
1838.0
1887.0
1934.0
1982.0
2025.0
2073.0
2122.0
2169.0
2214.0
2262.0
2308.0
2357.0
2403.0
2449.0
2499.0
2548.0
2597.0
2643.0
2691.0
2739.0
2786.0
2834.0
2880.0
2926.0
2973.0
3023.0
3072.0
3117.0
3164.0
3212.0
3260.0
3305.0
3352.0
3397.0
3446.0
3494.0
3544.0
3594.0
3642.0
3689.0
3735.0
3779.0
3828.0
3877.0
3922.0
3969.0
4017.0
4064.0
4111.0
4158.0
4205.0
4255.0
4302.0
4351.0
4401.0
4449.0
4498.0
4546.0
4594.0
4643.0
4690.0
4739.0
4785.0
4835.0
4881.0
4928.0
4974.0
5022.0
5071.0
5115.0
5165.0
5212.0
5260.0
5309.0
5355.0
5405.0
5454.0
5500.0
5546.0
5594.0
5641.0
5689.0
5733.0
5779.0
5827.0
5876.0
5922.0
5970.0
6019.0
6065.0
6112.0
6160.0
6209.0
6256.0
6299.0
6348.0
6395.0
6440.0
6486.0
6533.0
6582.0
6628.0
6673.0
6721.0
6768.0
6816.0
6862.0
6909.0
6957.0
7005.0
7051.0
7096.0
7145.0
7196.0
7239.0
7289.0
7339.0
7386.0
7429.0
7474.0
7519.0
7563.0
7612.0
7658.0
7705.0
7751.0
7797.0
7846.0
7895.0
7941.0
7988.0
8035.0
8082.0
8130.0
8177.0
8224.0
8273.0
8318.0
8362.0
8406.0
8452.0
8498.0
8544.0
8593.0
8640.0
8689.0
8736.0
8784.0
8834.0
8879.0
8928.0
8970.0
9017.0
9062.0
9110.0
9156.0
9205.0
9253.0
9301.0
9350.0
9399.0
9446.0
9494.0
9544.0
9589.0
9638.0
9683.0
9731.0
9776.0
9824.0
9874.0
9923.0
9969.0
10018.0
10066.0
10113.0
10163.0
10211.0
10260.0
10306.0
10355.0
10401.0
10450.0
10500.0
10547.0
10596.0
10644.0
10693.0
10741.0
10790.0
10838.0
10886.0
10934.0
10981.0
11025.0
11073.0
11121.0
11167.0
11213.0
11259.0
11306.0
11353.0
11399.0
11444.0
11493.0
11539.0
11588.0
11635.0
11683.0
11728.0
11774.0
11821.0
11868.0
11916.0
11965.0
12011.0
12060.0
12108.0
12156.0
12203.0
12250.0
12297.0
12346.0
12392.0
12439.0
12487.0
12535.0
12582.0
12629.0
12673.0
12720.0
12769.0
12818.0
12866.0
12917.0
12962.0
13012.0
13060.0
13106.0
13155.0
13201.0
13245.0
13295.0
13343.0
13388.0
13436.0
13480.0
13529.0
13578.0
13625.0
13672.0
13718.0
13764.0
13810.0
13858.0
13904.0
13953.0
14000.0
14050.0
14097.0
14144.0
14192.0
14239.0
14287.0
14335.0
14382.0
14432.0
14481.0
14530.0
14578.0
14623.0
14668.0
14713.0
14761.0
14809.0
14854.0
14902.0
14949.0
14998.0
15045.0
15093.0
15140.0
15185.0
15234.0
15283.0
15331.0
15381.0
15429.0
15477.0
15522.0
15570.0
15621.0
15669.0
15717.0
15763.0
15810.0
15856.0
15903.0
15949.0
15996.0
16043.0
16091.0
16140.0
16186.0
16234.0
16282.0
16329.0
16376.0
16424.0
16468.0
16515.0
16564.0
16610.0
16657.0
16704.0
16753.0
16801.0
16846.0
16895.0
16939.0
16986.0
17033.0
17081.0
17126.0
17174.0
17219.0
17269.0
17316.0
17366.0
17412.0
17457.0
17506.0
17554.0
17603.0
17651.0
17698.0
17747.0
17792.0
17839.0
17888.0
17936.0
17984.0
18032.0
18081.0
18128.0
18172.0
18222.0
18271.0
18320.0
18368.0
18417.0
18465.0
18513.0
18561.0
18609.0
18652.0
18702.0
18752.0
18801.0
18849.0
18897.0
18945.0
18995.0
19042.0
19091.0
19139.0
19185.0
19233.0
19280.0
19328.0
19375.0
19423.0
19472.0
19518.0
19562.0
19607.0
19655.0
19703.0
19750.0
19797.0
19846.0
19894.0
19941.0
19988.0
20040.0
20090.0
20136.0
20186.0
20232.0
20280.0
20328.0
20376.0
20421.0
20466.0
20510.0
20559.0
20608.0
20657.0
20707.0
20755.0
20804.0
20852.0
20899.0
20945.0
20992.0
21037.0
21085.0
21131.0
21178.0
21222.0
21272.0
21319.0
21366.0
21417.0
21464.0
21510.0
21558.0
21609.0
21656.0
21705.0
21751.0
21799.0
21845.0
21893.0
21942.0
21989.0
22036.0
22084.0
22130.0
22176.0
22223.0
22272.0
22320.0
22367.0
22414.0
22459.0
22506.0
22552.0
22600.0
22649.0
22694.0
22741.0
22789.0
22832.0
22879.0
22926.0
22971.0
23019.0
23063.0
23110.0
23158.0
23207.0
23257.0
23304.0
23350.0
23402.0
23450.0
23499.0
23548.0
23595.0
23645.0
23692.0
23739.0
23783.0
23831.0
23880.0
23930.0
23978.0
24028.0
24074.0
24124.0
24173.0
24223.0
24272.0
24319.0
24364.0
24412.0
24461.0
24507.0
24556.0
24602.0
24647.0
24696.0
24743.0
24792.0
24840.0
24889.0
24939.0
24985.0
25031.0
25080.0
25125.0
25171.0
25218.0
25266.0
25314.0
25363.0
25412.0
25461.0
25511.0
25561.0
25606.0
25655.0
25703.0
25751.0
25797.0
25842.0
25890.0
25940.0
25988.0
26034.0
26084.0
26133.0
26182.0
26232.0
26281.0
26332.0
26379.0
26421.0
26468.0
26513.0
26562.0
26606.0
26654.0
26702.0
26748.0
26797.0
26845.0
26894.0
26939.0
26988.0
27037.0
27082.0
27128.0
27176.0
27224.0
27271.0
27319.0
27367.0
27414.0
27460.0
27507.0
27556.0
27604.0
27652.0
27699.0
27747.0
27795.0
27844.0
27890.0
27937.0
27985.0
28031.0
28079.0
28122.0
28170.0
28218.0
28263.0
28312.0
28358.0
28405.0
28452.0
28500.0
28546.0
28593.0
28641.0
28692.0
28738.0
28787.0
28835.0
28883.0
28930.0
28977.0
29023.0
29071.0
29119.0
29169.0
29217.0
29265.0
29315.0
29361.0
29406.0
29452.0
29500.0
29546.0
29594.0
29640.0
29683.0
29730.0
29777.0
29823.0
29869.0
29916.0
29961.0
30009.0
30057.0
30104.0
30151.0
30197.0
30246.0
30295.0
30343.0
30389.0
30435.0
30484.0
30530.0
30580.0
30629.0
30678.0
30724.0
30773.0
30821.0
30871.0
30919.0
30966.0
31012.0
31060.0
31109.0
31156.0
31203.0
31251.0
31296.0
31342.0
31387.0
31436.0
31483.0
31528.0
31570.0
31616.0
31666.0
31714.0
31761.0
31812.0
31858.0
31905.0
31953.0
31998.0
32044.0
32092.0
32141.0
32189.0
32236.0
32283.0
32333.0
32382.0
32432.0
32478.0
32525.0
32574.0
32621.0
32670.0
32719.0
32767.0
32812.0
32858.0
32906.0
32955.0
33003.0
33051.0
33099.0
33146.0
33192.0
33242.0
33287.0
33336.0
33384.0
33430.0
33477.0
33522.0
33568.0
33615.0
33664.0
33709.0
33754.0
33800.0
33849.0
33894.0
33944.0
33989.0
34040.0
34087.0
34135.0
34181.0
34225.0
34272.0
34314.0
34363.0
34413.0
34457.0
34503.0
34546.0
34593.0
34640.0
34687.0
34736.0
34785.0
34834.0
34880.0
34927.0
34970.0
35015.0
35062.0
35112.0
35157.0
35207.0
35254.0
35301.0
35349.0
35398.0
35448.0
35496.0
35543.0
35590.0
35639.0
35682.0
35729.0
35775.0
35824.0
35872.0
35922.0
35970.0
36017.0
36063.0
36109.0
36157.0
36201.0
36246.0
36294.0
36342.0
36390.0
36438.0
36486.0
36533.0
36582.0
36630.0
36677.0
36725.0
36773.0
36818.0
36869.0
36914.0
36962.0
37010.0
37059.0
37107.0
37153.0
37200.0
37247.0
37294.0
37341.0
37388.0
37434.0
37481.0
37531.0
37577.0
37625.0
37672.0
37722.0
37765.0
37809.0
37856.0
37906.0
37952.0
37999.0
38047.0
38096.0
38146.0
38192.0
38237.0
38285.0
38332.0
38378.0
38425.0
38471.0
38521.0
38571.0
38618.0
38664.0
38711.0
38758.0
38804.0
38852.0
38898.0
38947.0
38996.0
39043.0
39090.0
39134.0
39181.0
39227.0
39277.0
39324.0
39373.0
39422.0
39470.0
39518.0
39569.0
39610.0
39657.0
39706.0
39755.0
39803.0
39850.0
39897.0
39943.0
39991.0
40041.0
40087.0
40135.0
40184.0
40233.0
40282.0
40332.0
40376.0
40424.0
40472.0
40519.0
40564.0
40611.0
40660.0
40707.0
40756.0
40805.0
40855.0
40902.0
40949.0
40997.0
41044.0
41092.0
41142.0
41188.0
41238.0
41283.0
41330.0
41376.0
41425.0
41474.0
41523.0
41571.0
41620.0
41662.0
41710.0
41753.0
41802.0
41850.0
41898.0
41945.0
41992.0
42039.0
42086.0
42136.0
42183.0
42231.0
42276.0
42322.0
42368.0
42412.0
42454.0
42503.0
42548.0
42593.0
42644.0
42691.0
42737.0
42784.0
42834.0
42882.0
42928.0
42979.0
43026.0
43075.0
43124.0
43168.0
43215.0
43259.0
43307.0
43355.0
43401.0
43449.0
43496.0
43544.0
43593.0
43641.0
43689.0
43736.0
43781.0
43828.0
43873.0
43918.0
43965.0
44011.0
44059.0
44101.0
44150.0
44197.0
44244.0
44293.0
44342.0
44389.0
44439.0
44485.0
44534.0
44581.0
44630.0
44678.0
44725.0
44775.0
44822.0
44869.0
44915.0
44961.0
45009.0
45057.0
45104.0
45152.0
45200.0
45247.0
45293.0
45339.0
45386.0
45433.0
45481.0
45528.0
45574.0
45622.0
45668.0
45712.0
45760.0
45808.0
45853.0
45903.0
45951.0
45998.0
46044.0
46093.0
46136.0
46185.0
46232.0
46280.0
46327.0
46373.0
46415.0
46463.0
46512.0
46560.0
46602.0
46651.0
46698.0
46745.0
46792.0
46840.0
46887.0
46934.0
46981.0
47030.0
47078.0
47129.0
47177.0
47222.0
47268.0
47316.0
47363.0
47412.0
47459.0
47511.0
47559.0
47606.0
47655.0
47704.0
47750.0
47798.0
47845.0
47892.0
47940.0
47983.0
48031.0
48079.0
48126.0
48175.0
48222.0
48270.0
48319.0
48366.0
48415.0
48464.0
48509.0
48559.0
48607.0
48655.0
48701.0
48749.0
48796.0
48842.0
48890.0
48938.0
48987.0
49033.0
49082.0
49130.0
49174.0
49222.0
49269.0
49319.0
49369.0
49416.0
49462.0
49509.0
49557.0
49606.0
49652.0
49698.0
49746.0
49790.0
49838.0
49884.0
49932.0
49981.0
50028.0
50074.0
50119.0
50162.0
50211.0
50254.0
50300.0
50348.0
50395.0
50440.0
50488.0
50535.0
50579.0
50627.0
50674.0
50723.0
50770.0
50818.0
50865.0
50913.0
50962.0
51012.0
51059.0
51104.0
51150.0
51199.0
51247.0
51296.0
51344.0
51392.0
51441.0
51487.0
51534.0
51582.0
51630.0
51677.0
51724.0
51769.0
51816.0
51864.0
51913.0
51960.0
52006.0
52053.0
52100.0
52150.0
52198.0
52246.0
52289.0
52337.0
52386.0
52431.0
52477.0
52526.0
52574.0
52622.0
52670.0
52719.0
52768.0
52817.0
52864.0
52912.0
52960.0
53006.0
53051.0
53101.0
53148.0
53194.0
53241.0
53289.0
53337.0
53386.0
53435.0
53480.0
53528.0
53573.0
53619.0
53667.0
53716.0
53762.0
53811.0
53857.0
53903.0
53952.0
53998.0
54044.0
54093.0
54139.0
54189.0
54238.0
54285.0
54331.0
54378.0
54425.0
54473.0
54521.0
54569.0
54617.0
54663.0
54712.0
54760.0
54808.0
54855.0
54901.0
54949.0
55000.0
55047.0
55098.0
55146.0
55196.0
55242.0
55287.0
55337.0
55387.0
55437.0
55486.0
55533.0
55583.0
55632.0
55678.0
55723.0
55767.0
55814.0
55861.0
55908.0
55958.0
56005.0
56051.0
56099.0
56144.0
56191.0
56237.0
56283.0
56332.0
56379.0
56427.0
56469.0
56517.0
56565.0
56609.0
56657.0
56705.0
56751.0
56800.0
56850.0
56897.0
56945.0
56992.0
57041.0
57088.0
57136.0
57182.0
57231.0
57274.0
57321.0
57368.0
57414.0
57460.0
57509.0
57557.0
57605.0
57652.0
57699.0
57747.0
57795.0
57843.0
57891.0
57938.0
57984.0
58030.0
58079.0
58125.0
58172.0
58220.0
58264.0
58310.0
58359.0
58405.0
58449.0
58493.0
58541.0
58586.0
58630.0
58676.0
58723.0
58774.0
58822.0
58869.0
58916.0
58961.0
59006.0
59054.0
59100.0
59146.0
59191.0
59242.0
59289.0
59337.0
59387.0
59437.0
59484.0
59532.0
59577.0
59626.0
59676.0
59725.0
59772.0
59820.0
59868.0
59913.0
59961.0
60010.0
60055.0
60103.0
60152.0
60202.0
60249.0
60298.0
60348.0
60395.0
60443.0
60489.0
60538.0
60586.0
60634.0
60682.0
60729.0
60779.0
60825.0
60872.0
60918.0
60965.0
61014.0
61063.0
61109.0
61154.0
61200.0
61251.0
61300.0
61349.0
61397.0
61441.0
61489.0
61536.0
61584.0
61633.0
61681.0
61727.0
61775.0
61823.0
61869.0
61918.0
61963.0
62010.0
62059.0
62105.0
62152.0
62200.0
62242.0
62291.0
62337.0
62381.0
62428.0
62475.0
62521.0
62569.0
62615.0
62661.0
62709.0
62757.0
62805.0
62854.0
62901.0
62947.0
62994.0
63042.0
63090.0
63135.0
63185.0
63235.0
63281.0
63331.0
63379.0
63423.0
63469.0
63517.0
63564.0
63611.0
63661.0
63709.0
63755.0
63799.0
63848.0
63896.0
63945.0
63989.0
64038.0
64086.0
64133.0
64180.0
64228.0
64269.0
64318.0
64365.0
64410.0
64457.0
64506.0
64553.0
64598.0
64645.0
64691.0
64737.0
64785.0
64833.0
64881.0
64927.0
64972.0
65019.0
65067.0
65115.0
65160.0
65207.0
65253.0
65303.0
65350.0
65398.0
65446.0
65495.0
65541.0
65586.0
65633.0
65681.0
65726.0
65773.0
65820.0
65867.0
65914.0
65963.0
66011.0
66059.0
66108.0
66157.0
66205.0
66253.0
66300.0
66346.0
66393.0
66441.0
66490.0
66537.0
66585.0
66633.0
66682.0
66728.0
66775.0
66822.0
66870.0
66917.0
66967.0
67015.0
67064.0
67107.0
67153.0
67203.0
67252.0
67298.0
67341.0
67391.0
67441.0
67486.0
67533.0
67576.0
67620.0
67665.0
67712.0
67761.0
67809.0
67855.0
67905.0
67950.0
67995.0
68044.0
68091.0
68137.0
68186.0
68234.0
68283.0
68331.0
68377.0
68425.0
68472.0
68519.0
68565.0
68613.0
68659.0
68704.0
68753.0
68800.0
68848.0
68895.0
68946.0
68993.0
69041.0
69087.0
69135.0
69181.0
69229.0
69275.0
69323.0
69373.0
69419.0
69464.0
69511.0
69558.0
69600.0
69646.0
69694.0
69740.0
69784.0
69833.0
69881.0
69929.0
69976.0
70023.0
70071.0
70118.0
70165.0
70214.0
70263.0
70309.0
70357.0
70405.0
70450.0
70500.0
70549.0
70596.0
70640.0
70687.0
70736.0
70782.0
70829.0
70880.0
70929.0
70977.0
71022.0
71071.0
71116.0
71164.0
71213.0
71260.0
71308.0
71355.0
71401.0
71447.0
71491.0
71535.0
71582.0
71629.0
71676.0
71723.0
71768.0
71816.0
71866.0
71913.0
71962.0
72010.0
72057.0
72106.0
72150.0
72197.0
72243.0
72293.0
72340.0
72387.0
72435.0
72482.0
72529.0
72577.0
72624.0
72670.0
72716.0
72764.0
72813.0
72862.0
72907.0
72953.0
72996.0
73040.0
73088.0
73135.0
73180.0
73226.0
73271.0
73319.0
73365.0
73412.0
73459.0
73507.0
73557.0
73603.0
73650.0
73696.0
73743.0
73791.0
73840.0
73884.0
73932.0
73977.0
74025.0
74073.0
74121.0
74167.0
74215.0
74263.0
74312.0
74360.0
74405.0
74453.0
74499.0
74546.0
74592.0
74641.0
74691.0
74734.0
74782.0
74830.0
74879.0
74927.0
74975.0
75023.0
75071.0
75118.0
75165.0
75214.0
75255.0
75302.0
75350.0
75396.0
75446.0
75494.0
75538.0
75584.0
75631.0
75677.0
75727.0
75775.0
75822.0
75871.0
75920.0
75968.0
76018.0
76062.0
76109.0
76155.0
76202.0
76250.0
76299.0
76347.0
76395.0
76443.0
76492.0
76541.0
76590.0
76635.0
76683.0
76732.0
76780.0
76829.0
76876.0
76923.0
76970.0
77014.0
77060.0
77107.0
77155.0
77201.0
77246.0
77295.0
77344.0
77391.0
77442.0
77493.0
77540.0
77590.0
77635.0
77682.0
77726.0
77776.0
77823.0
77868.0
77916.0
77964.0
78013.0
78059.0
78101.0
78149.0
78199.0
78246.0
78296.0
78344.0
78389.0
78435.0
78481.0
78529.0
78575.0
78624.0
78672.0
78718.0
78768.0
78816.0
78863.0
78910.0
78958.0
79006.0
79053.0
79102.0
79149.0
79197.0
79242.0
79290.0
79339.0
79385.0
79431.0
79479.0
79527.0
79577.0
79624.0
79672.0
79720.0
79766.0
79813.0
79859.0
79904.0
79949.0
79996.0
80041.0
80089.0
80137.0
80184.0
80230.0
80281.0
80329.0
80377.0
80423.0
80472.0
80519.0
80567.0
80613.0
80662.0
80712.0
80756.0
80804.0
80852.0
80900.0
80945.0
80995.0
81043.0
81092.0
81137.0
81180.0
81228.0
81278.0
81325.0
81375.0
81424.0
81471.0
81521.0
81567.0
81615.0
81664.0
81712.0
81760.0
81808.0
81855.0
81902.0
81949.0
81998.0
82046.0
82091.0
82141.0
82191.0
82237.0
82287.0
82334.0
82381.0
82426.0
82475.0
82522.0
82568.0
82617.0
82666.0
82712.0
82757.0
82803.0
82846.0
82895.0
82941.0
82988.0
83035.0
83083.0
83133.0
83181.0
83225.0
83273.0
83320.0
83369.0
83417.0
83464.0
83512.0
83559.0
83607.0
83657.0
83704.0
83752.0
83801.0
83849.0
83895.0
83939.0
83987.0
84034.0
84081.0
84126.0
84172.0
84220.0
84268.0
84314.0
84360.0
84409.0
84459.0
84500.0
84549.0
84596.0
84642.0
84692.0
84738.0
84786.0
84835.0
84883.0
84929.0
84976.0
85021.0
85070.0
85116.0
85164.0
85213.0
85262.0
85308.0
85354.0
85404.0
85450.0
85498.0
85546.0
85594.0
85640.0
85684.0
85733.0
85780.0
85827.0
85877.0
85926.0
85975.0
86024.0
86073.0
86122.0
86171.0
86218.0
86268.0
86312.0
86359.0
86405.0
86452.0
86496.0
86543.0
86591.0
86639.0
86686.0
86731.0
86779.0
86827.0
86875.0
86921.0
86967.0
87016.0
87064.0
87111.0
87159.0
87205.0
87252.0
87296.0
87345.0
87392.0
87440.0
87487.0
87534.0
87580.0
87627.0
87674.0
87720.0
87765.0
87812.0
87857.0
87905.0
87951.0
87998.0
88044.0
88092.0
88139.0
88187.0
88233.0
88282.0
88328.0
88376.0
88423.0
88471.0
88519.0
88569.0
88617.0
88666.0
88712.0
88761.0
88804.0
88850.0
88895.0
88942.0
88991.0
89035.0
89084.0
89131.0
89174.0
89219.0
89266.0
89309.0
89357.0
89404.0
89452.0
89499.0
89547.0
89596.0
89644.0
89692.0
89744.0
89794.0
89842.0
89890.0
89940.0
89987.0
90036.0
90084.0
90131.0
90178.0
90227.0
90278.0
90323.0
90369.0
90418.0
90469.0
90518.0
90559.0
90606.0
90653.0
90703.0
90752.0
90800.0
90848.0
90894.0
90942.0
90990.0
91037.0
91086.0
91129.0
91178.0
91224.0
91273.0
91324.0
91370.0
91416.0
91465.0
91514.0
91560.0
91607.0
91654.0
91702.0
91749.0
91795.0
91845.0
91894.0
91942.0
91988.0
92035.0
92082.0
92130.0
92177.0
92226.0
92273.0
92318.0
92364.0
92413.0
92460.0
92505.0
92550.0
92599.0
92648.0
92699.0
92747.0
92797.0
92842.0
92890.0
92937.0
92988.0
93036.0
93084.0
93133.0
93180.0
93227.0
93275.0
93324.0
93369.0
93415.0
93458.0
93504.0
93549.0
93596.0
93645.0
93692.0
93742.0
93790.0
93838.0
93887.0
93933.0
93982.0
94027.0
94076.0
94123.0
94173.0
94219.0
94268.0
94314.0
94365.0
94409.0
94456.0
94504.0
94552.0
94600.0
94645.0
94694.0
94742.0
94791.0
94840.0
94889.0
94938.0
94985.0
95033.0
95080.0
95126.0
95176.0
95224.0
95268.0
95318.0
95368.0
95414.0
95461.0
95510.0
95557.0
95604.0
95651.0
95699.0
95746.0
95794.0
95845.0
95895.0
95943.0
95987.0
96032.0
96081.0
96126.0
96171.0
96217.0
96265.0
96313.0
96360.0
96404.0
96454.0
96501.0
96547.0
96597.0
96646.0
96693.0
96742.0
96790.0
96838.0
96886.0
96934.0
96983.0
97029.0
97076.0
97123.0
97171.0
97219.0
97269.0
97317.0
97365.0
97413.0
97460.0
97506.0
97552.0
97595.0
97644.0
97692.0
97742.0
97786.0
97832.0
97881.0
97929.0
