66.0
122.0
189.0
249.0
313.0
373.0
432.0
490.0
554.0
619.0
680.0
742.0
799.0
867.0
933.0
995.0
1063.0
1126.0
1194.0
1260.0
1328.0
1388.0
1450.0
1503.0
1563.0
1626.0
1691.0
1750.0
1812.0
1869.0
1930.0
1996.0
2058.0
2121.0
2183.0
2247.0
2312.0
2373.0
2434.0
2502.0
2564.0
2629.0
2690.0
2750.0
2809.0
2865.0
2929.0
2994.0
3060.0
3124.0
3188.0
3249.0
3311.0
3372.0
3433.0
3496.0
3558.0
3621.0
3683.0
3745.0
3808.0
3872.0
3933.0
3998.0
4060.0
4126.0
4189.0
4253.0
4316.0
4377.0
4432.0
4493.0
4559.0
4619.0
4685.0
4748.0
4808.0
4872.0
4936.0
4998.0
5062.0
5123.0
5190.0
5256.0
5319.0
5382.0
5443.0
5502.0
5564.0
5622.0
5681.0
5745.0
5813.0
5880.0
5948.0
6012.0
6071.0
6135.0
6198.0
6263.0
6329.0
6390.0
6450.0
6515.0
6573.0
6637.0
6701.0
6766.0
6834.0
6895.0
6953.0
7012.0
7080.0
7136.0
7201.0
7262.0
7319.0
7382.0
7444.0
7507.0
7574.0
7638.0
7704.0
7768.0
7828.0
7892.0
7956.0
8019.0
8082.0
8143.0
8211.0
8277.0
8341.0
8403.0
8470.0
8536.0
8601.0
8661.0
8726.0
8788.0
8854.0
8918.0
8980.0
9042.0
9107.0
9172.0
9240.0
9298.0
9364.0
9426.0
9489.0
9552.0
9614.0
9674.0
9736.0
9797.0
9861.0
9920.0
9982.0
10045.0
10105.0
10169.0
10235.0
10298.0
10359.0
10424.0
10488.0
10554.0
10613.0
10679.0
10740.0
10804.0
10870.0
10934.0
10997.0
11061.0
11127.0
11191.0
11254.0
11317.0
11377.0
11444.0
11510.0
11571.0
11628.0
11698.0
11758.0
11819.0
11884.0
11946.0
12009.0
12071.0
12132.0
12200.0
12264.0
12322.0
12382.0
12446.0
12511.0
12576.0
12640.0
12703.0
12768.0
12833.0
12894.0
12959.0
13024.0
13086.0
13151.0
13217.0
13282.0
13343.0
13406.0
13461.0
13519.0
13579.0
13642.0
13707.0
13770.0
13834.0
13896.0
13962.0
14027.0
14091.0
14155.0
14219.0
14280.0
14339.0
14402.0
14464.0
14528.0
14585.0
14649.0
14712.0
14773.0
14837.0
14902.0
14963.0
15021.0
15082.0
15144.0
15209.0
15276.0
15338.0
15401.0
15463.0
15524.0
15587.0
15654.0
15720.0
15777.0
15841.0
15901.0
15963.0
16026.0
16088.0
16148.0
16211.0
16274.0
16339.0
16400.0
16465.0
16531.0
16594.0
16651.0
16716.0
16782.0
16846.0
16907.0
16974.0
17038.0
17101.0
17160.0
17223.0
17287.0
17350.0
17412.0
17476.0
17539.0
17602.0
17664.0
17727.0
17793.0
17859.0
17922.0
17986.0
18054.0
18113.0
18178.0
18240.0
18304.0
18367.0
18426.0
18491.0
18550.0
18613.0
18675.0
18734.0
18796.0
18856.0
18919.0
18980.0
19045.0
19107.0
19173.0
19232.0
19293.0
19354.0
19422.0
19484.0
19545.0
19610.0
19677.0
19736.0
19797.0
19857.0
19916.0
19978.0
20042.0
20105.0
20173.0
20238.0
20296.0
20357.0
20418.0
20481.0
20545.0
20603.0
20666.0
20728.0
20788.0
20849.0
20910.0
20969.0
21034.0
21097.0
21162.0
21227.0
21288.0
21350.0
21411.0
21478.0
21543.0
21608.0
21672.0
21729.0
21788.0
21845.0
21907.0
21963.0
22020.0
22085.0
22144.0
22201.0
22258.0
22313.0
22381.0
22448.0
22510.0
22574.0
22638.0
22701.0
22763.0
22823.0
22884.0
22948.0
23008.0
23071.0
23137.0
23203.0
23269.0
23334.0
23394.0
23450.0
23514.0
23579.0
23642.0
23703.0
23760.0
23824.0
23887.0
23952.0
24013.0
24074.0
24134.0
24199.0
24265.0
24328.0
24396.0
24458.0
24521.0
24585.0
24651.0
24718.0
24782.0
24845.0
24908.0
24969.0
25035.0
25097.0
25161.0
25223.0
25289.0
25349.0
25411.0
25476.0
25542.0
25604.0
25668.0
25723.0
25786.0
25853.0
25920.0
25977.0
26045.0
26108.0
26172.0
26231.0
26290.0
26356.0
26422.0
26489.0
26550.0
26609.0
26672.0
26734.0
26797.0
26860.0
26919.0
26983.0
27045.0
27110.0
27173.0
27232.0
27297.0
27361.0
27426.0
27489.0
27548.0
27609.0
27673.0
27733.0
27792.0
27859.0
27924.0
27989.0
28054.0
28113.0
28174.0
28239.0
28302.0
28361.0
28424.0
28488.0
28547.0
28609.0
28670.0
28734.0
28798.0
28854.0
28911.0
28976.0
29041.0
29100.0
29161.0
29228.0
29292.0
29353.0
29415.0
29478.0
29540.0
29603.0
29665.0
29728.0
29789.0
29851.0
29917.0
29979.0
30046.0
30108.0
30170.0
30231.0
30294.0
30360.0
30426.0
30488.0
30548.0
30607.0
30669.0
30733.0
30797.0
30861.0
30924.0
30988.0
31045.0
31106.0
31170.0
31233.0
31295.0
31353.0
31418.0
31479.0
31542.0
31606.0
31664.0
31730.0
31797.0
31859.0
31925.0
31988.0
32055.0
32119.0
32186.0
32246.0
32311.0
32371.0
32437.0
32503.0
32571.0
32635.0
32694.0
32752.0
32811.0
32865.0
32930.0
32993.0
33058.0
33117.0
33175.0
33238.0
33305.0
33364.0
33429.0
33497.0
33554.0
33619.0
33678.0
33738.0
33803.0
33870.0
33932.0
33997.0
34059.0
34123.0
34187.0
34250.0
34312.0
34378.0
34448.0
34512.0
34576.0
34644.0
34708.0
34769.0
34836.0
34899.0
34961.0
35023.0
35082.0
35149.0
35211.0
35273.0
35333.0
35397.0
35459.0
35522.0
35591.0
35659.0
35724.0
35785.0
35849.0
35912.0
35977.0
36043.0
36105.0
36161.0
36224.0
36282.0
36340.0
36404.0
36460.0
36524.0
36588.0
36651.0
36716.0
36778.0
36842.0
36906.0
36970.0
37031.0
37091.0
37158.0
37219.0
37284.0
37345.0
37408.0
37472.0
37534.0
37594.0
37660.0
37720.0
37783.0
37847.0
37918.0
37978.0
38036.0
38103.0
38163.0
38224.0
38282.0
38348.0
38414.0
38478.0
38544.0
38605.0
38670.0
38733.0
38790.0
38849.0
38912.0
38974.0
39036.0
39098.0
39163.0
39226.0
39289.0
39348.0
39415.0
39473.0
39541.0
39603.0
39668.0
39725.0
39786.0
39853.0
39917.0
39980.0
40042.0
40108.0
40167.0
40232.0
40297.0
40361.0
40427.0
40490.0
40551.0
40610.0
40669.0
40735.0
40796.0
40860.0
40920.0
40981.0
41047.0
41116.0
41183.0
41245.0
41309.0
41371.0
41438.0
41502.0
41565.0
41629.0
41691.0
41750.0
41815.0
41879.0
41944.0
42009.0
42072.0
42134.0
42201.0
42260.0
42327.0
42389.0
42449.0
42511.0
42573.0
42635.0
42700.0
42766.0
42829.0
42894.0
42958.0
43023.0
43086.0
43147.0
43213.0
43276.0
43342.0
43403.0
43463.0
43520.0
43578.0
43640.0
43705.0
43772.0
43837.0
43899.0
43961.0
44027.0
44091.0
44153.0
44219.0
44278.0
44339.0
44400.0
44466.0
44528.0
44592.0
44654.0
44719.0
44784.0
44847.0
44914.0
44975.0
45037.0
45099.0
45159.0
45223.0
45288.0
45351.0
45417.0
45478.0
45544.0
45609.0
45672.0
45735.0
45799.0
45858.0
45922.0
45986.0
46051.0
46114.0
46169.0
46236.0
46294.0
46353.0
46420.0
46475.0
46531.0
46592.0
46659.0
46722.0
46784.0
46850.0
46914.0
46980.0
47047.0
47108.0
47176.0
47238.0
47296.0
47358.0
47419.0
47483.0
47546.0
47601.0
47666.0
47727.0
47784.0
47846.0
47906.0
47965.0
48029.0
48091.0
48151.0
48214.0
48279.0
48343.0
48407.0
48469.0
48528.0
48592.0
48655.0
48721.0
48787.0
48852.0
48915.0
48978.0
49042.0
49104.0
49166.0
49225.0
49292.0
49353.0
49417.0
49475.0
49537.0
49597.0
49659.0
49721.0
49784.0
49850.0
49914.0
49976.0
50038.0
50102.0
50159.0
50221.0
50285.0
50342.0
50401.0
50465.0
50526.0
50590.0
50650.0
50714.0
50778.0
50840.0
50899.0
50962.0
51023.0
51086.0
51148.0
51213.0
51276.0
51339.0
51404.0
51467.0
51528.0
51591.0
51652.0
51715.0
51779.0
51842.0
51905.0
51970.0
52033.0
52099.0
52162.0
52221.0
52288.0
52350.0
52415.0
52480.0
52536.0
52601.0
52664.0
52728.0
52793.0
52854.0
52918.0
52983.0
53043.0
53104.0
53167.0
53229.0
53292.0
53347.0
53411.0
53478.0
53538.0
53605.0
53667.0
53731.0
53791.0
53847.0
53911.0
53970.0
54030.0
54091.0
54152.0
54217.0
54278.0
54345.0
54401.0
54464.0
54527.0
54589.0
54651.0
54716.0
54784.0
54850.0
54911.0
54973.0
55034.0
55099.0
55165.0
55226.0
55289.0
55353.0
55416.0
55482.0
55546.0
55604.0
55666.0
55730.0
55790.0
55853.0
55917.0
55979.0
56044.0
56106.0
56169.0
56231.0
56292.0
56359.0
56420.0
56483.0
56543.0
56610.0
56673.0
56739.0
56802.0
56865.0
56933.0
56993.0
57055.0
57119.0
57186.0
57250.0
57308.0
57376.0
57438.0
57496.0
57562.0
57625.0
57688.0
57752.0
57814.0
57877.0
57945.0
58013.0
58073.0
58134.0
58194.0
58258.0
58324.0
58390.0
58455.0
58519.0
58580.0
58640.0
58704.0
58770.0
58834.0
58900.0
58962.0
59027.0
59089.0
59158.0
59219.0
59281.0
59343.0
59405.0
59464.0
59527.0
59592.0
59652.0
59713.0
59777.0
59836.0
59899.0
59967.0
60033.0
60098.0
60161.0
60227.0
60287.0
60356.0
60420.0
60484.0
60547.0
60610.0
60673.0
60732.0
60792.0
60848.0
60911.0
60973.0
61036.0
61096.0
61154.0
61215.0
61280.0
61341.0
61401.0
61467.0
61533.0
61593.0
61654.0
61710.0
61768.0
61831.0
61897.0
61958.0
62022.0
62092.0
62154.0
62217.0
62283.0
62345.0
62409.0
62469.0
62530.0
62596.0
62661.0
62726.0
62791.0
62850.0
62903.0
62962.0
63026.0
63086.0
63139.0
63202.0
63261.0
63325.0
63386.0
63446.0
63508.0
63570.0
63632.0
63697.0
63756.0
63819.0
63879.0
63944.0
64009.0
64069.0
64135.0
64199.0
64260.0
64322.0
64388.0
64448.0
64509.0
64570.0
64636.0
64700.0
64761.0
64828.0
64889.0
64951.0
65011.0
65072.0
65137.0
65203.0
65262.0
65323.0
65386.0
65447.0
65510.0
65576.0
65636.0
65701.0
65769.0
65831.0
65894.0
65958.0
66019.0
66083.0
66144.0
66209.0
66271.0
66331.0
66401.0
66466.0
66523.0
66584.0
66651.0
66711.0
66771.0
66835.0
66896.0
66961.0
67025.0
67088.0
67151.0
67218.0
67282.0
67343.0
67407.0
67464.0
67528.0
67588.0
67652.0
67715.0
67773.0
67839.0
67906.0
67974.0
68036.0
68099.0
68166.0
68227.0
68293.0
68359.0
68425.0
68485.0
68548.0
68607.0
68670.0
68734.0
68797.0
68865.0
68924.0
68991.0
69047.0
69107.0
69169.0
69237.0
69304.0
69363.0
69426.0
69492.0
69556.0
69622.0
69683.0
69746.0
69807.0
69870.0
69929.0
69992.0
70052.0
70112.0
70177.0
70239.0
70303.0
70366.0
70423.0
70482.0
70547.0
70612.0
70678.0
70742.0
70803.0
70867.0
70933.0
71000.0
71062.0
71123.0
71187.0
71253.0
71306.0
71363.0
71425.0
71482.0
71545.0
71611.0
71674.0
71734.0
71795.0
71858.0
71916.0
71980.0
72042.0
72108.0
72178.0
72244.0
72298.0
72358.0
72423.0
72490.0
72551.0
72615.0
72677.0
72739.0
72797.0
72862.0
72927.0
72991.0
73050.0
73118.0
73178.0
73240.0
73303.0
73360.0
73416.0
73472.0
73535.0
73598.0
73661.0
73726.0
73791.0
73857.0
73923.0
73983.0
74039.0
74096.0
74165.0
74227.0
74292.0
74356.0
74418.0
74479.0
74542.0
74608.0
74670.0
74732.0
74792.0
74850.0
74913.0
74977.0
75039.0
75103.0
75166.0
75231.0
75293.0
75359.0
75418.0
75482.0
75547.0
75614.0
75681.0
75740.0
75801.0
75867.0
75933.0
75999.0
76060.0
76120.0
76184.0
76240.0
76301.0
76365.0
76430.0
76495.0
76557.0
76618.0
76678.0
76738.0
76804.0
76868.0
76936.0
76995.0
77053.0
77109.0
77172.0
77235.0
77296.0
77357.0
77419.0
77481.0
77545.0
77609.0
77674.0
77730.0
77791.0
77852.0
77909.0
77970.0
78032.0
78096.0
78166.0
78228.0
78287.0
78344.0
78407.0
78471.0
78533.0
78595.0
78658.0
78722.0
78783.0
78841.0
78906.0
78965.0
79028.0
79091.0
79154.0
79211.0
79276.0
79339.0
79400.0
79468.0
79534.0
79593.0
79653.0
79715.0
79779.0
79847.0
79913.0
79978.0
80041.0
80100.0
80166.0
80231.0
80291.0
80356.0
80416.0
80476.0
80534.0
80599.0
80665.0
80725.0
80787.0
80847.0
80912.0
80980.0
81042.0
81107.0
81170.0
81231.0
81293.0
81358.0
81424.0
81485.0
81549.0
81611.0
81673.0
81736.0
81799.0
81863.0
81927.0
81986.0
82047.0
82114.0
82180.0
82246.0
82312.0
82377.0
82439.0
82503.0
82570.0
82633.0
82697.0
82760.0
82821.0
82885.0
82949.0
83007.0
83071.0
83136.0
83195.0
83258.0
83322.0
83377.0
83441.0
83506.0
83570.0
83632.0
83696.0
83757.0
83820.0
83880.0
83934.0
83991.0
84054.0
84119.0
84182.0
84248.0
84315.0
84375.0
84436.0
84502.0
84567.0
84628.0
84687.0
84751.0
84812.0
84874.0
84937.0
84999.0
85063.0
85129.0
85188.0
85253.0
85318.0
85376.0
85440.0
85506.0
85571.0
85633.0
85697.0
85755.0
85819.0
85881.0
85943.0
86008.0
86070.0
86134.0
86196.0
86259.0
86321.0
86387.0
86451.0
86513.0
86579.0
86639.0
86707.0
86775.0
86838.0
86898.0
86962.0
87022.0
87084.0
87150.0
87208.0
87268.0
87330.0
87389.0
87451.0
87514.0
87578.0
87642.0
87701.0
87760.0
87825.0
87888.0
87941.0
88002.0
88067.0
88132.0
88196.0
88261.0
88329.0
88390.0
88454.0
88518.0
88584.0
88648.0
88709.0
88770.0
88834.0
88896.0
88963.0
89023.0
89085.0
89140.0
89208.0
89272.0
89334.0
89402.0
89468.0
89532.0
89595.0
89653.0
89718.0
89781.0
89848.0
89909.0
89974.0
90038.0
90097.0
90162.0
90226.0
90289.0
90354.0
90416.0
90479.0
90542.0
90605.0
90670.0
90732.0
90793.0
90857.0
90922.0
90985.0
91045.0
91103.0
91165.0
91226.0
91283.0
91341.0
91399.0
91459.0
91516.0
91576.0
91640.0
91702.0
91770.0
91839.0
91904.0
91970.0
92033.0
92096.0
92155.0
92218.0
92281.0
92346.0
92410.0
92475.0
92537.0
92603.0
92671.0
92735.0
92795.0
92863.0
92927.0
92994.0
93057.0
93117.0
93178.0
93224.0
93289.0
93352.0
93414.0
93479.0
93537.0
93596.0
93663.0
93727.0
93792.0
93851.0
93907.0
93966.0
94029.0
94093.0
94151.0
94211.0
94275.0
94336.0
94397.0
94457.0
94517.0
94579.0
94644.0
94712.0
94776.0
94838.0
94900.0
94960.0
95022.0
95084.0
95150.0
95209.0
95275.0
95333.0
95400.0
95465.0
95527.0
95588.0
95648.0
95711.0
95774.0
95838.0
95897.0
95956.0
96015.0
96074.0
96137.0
96198.0
96259.0
96325.0
96387.0
