344.0
965.0
1583.0
2222.0
2601.0
3199.0
3804.0
4440.0
5046.0
5682.0
6314.0
6672.0
7275.0
7859.0
8192.0
8778.0
9382.0
10029.0
10383.0
10949.0
11545.0
12168.0
12780.0
13132.0
13727.0
14323.0
14945.0
15581.0
15964.0
16552.0
17165.0
17788.0
18408.0
18775.0
19384.0
19993.0
20360.0
20950.0
21551.0
22165.0
22518.0
23133.0
23728.0
24366.0
24943.0
25314.0
25857.0
26509.0
27125.0
27490.0
28086.0
28689.0
29325.0
29962.0
30337.0
30948.0
31556.0
32173.0
32753.0
33134.0
33723.0
34346.0
34952.0
35587.0
35962.0
36538.0
37147.0
37764.0
38132.0
38706.0
39320.0
39940.0
40538.0
40900.0
41471.0
42067.0
42709.0
43061.0
43662.0
44258.0
44890.0
45510.0
45898.0
46495.0
47108.0
47733.0
48361.0
48742.0
49354.0
49932.0
50576.0
50887.0
51491.0
52112.0
52730.0
53106.0
53676.0
54303.0
54925.0
55568.0
56177.0
56781.0
57164.0
57761.0
58359.0
58982.0
59309.0
59921.0
60521.0
60883.0
61484.0
62081.0
62700.0
63070.0
63673.0
64289.0
64906.0
65538.0
65919.0
66511.0
67130.0
67748.0
68381.0
68754.0
69337.0
69955.0
70572.0
70960.0
71574.0
72200.0
72814.0
73164.0
73751.0
74360.0
74977.0
75328.0
75909.0
76531.0
77145.0
77781.0
78158.0
78743.0
79350.0
79991.0
80619.0
80985.0
81585.0
82205.0
82817.0
83159.0
83779.0
84376.0
84970.0
85578.0
85938.0
86533.0
87154.0
87792.0
88173.0
88764.0
89357.0
89986.0
90598.0
90980.0
91577.0
92181.0
92814.0
93421.0
93780.0
94392.0
95005.0
95625.0
96000.0
96604.0
97220.0
97833.0
98482.0
98859.0
99464.0
100085.0
100704.0
101063.0
101669.0
102281.0
102903.0
103277.0
103867.0
104493.0
105112.0
105470.0
106061.0
106673.0
107299.0
107687.0
108294.0
108892.0
109500.0
109868.0
110461.0
111075.0
111704.0
112319.0
112689.0
113287.0
113912.0
114544.0
114922.0
115496.0
116119.0
116759.0
117103.0
117717.0
118319.0
118954.0
119588.0
119963.0
120564.0
121181.0
121811.0
122444.0
122833.0
123366.0
123969.0
124607.0
124981.0
125556.0
126168.0
126791.0
127419.0
127761.0
128343.0
128916.0
129518.0
130142.0
130530.0
131123.0
131750.0
132383.0
132770.0
133367.0
133972.0
134563.0
134929.0
135535.0
136153.0
136788.0
137164.0
137783.0
138370.0
139000.0
139384.0
139972.0
140601.0
141241.0
141602.0
142201.0
142779.0
143396.0
143770.0
144364.0
144989.0
145608.0
146240.0
146623.0
147237.0
147844.0
148474.0
149095.0
149466.0
150060.0
150638.0
151240.0
151623.0
152231.0
152856.0
153468.0
154102.0
154472.0
155059.0
155654.0
156287.0
156927.0
157305.0
157921.0
158553.0
159166.0
159543.0
160150.0
160762.0
161385.0
162026.0
162649.0
163019.0
163594.0
164221.0
164850.0
165503.0
165888.0
166478.0
167089.0
167721.0
168091.0
168693.0
169300.0
169928.0
170550.0
171175.0
171559.0
172138.0
172742.0
173384.0
173984.0
174330.0
174943.0
175545.0
176172.0
176552.0
177143.0
177764.0
178348.0
178976.0
179349.0
179941.0
180552.0
181161.0
181801.0
182174.0
182751.0
183393.0
184029.0
184410.0
185000.0
185610.0
185970.0
186547.0
187164.0
187790.0
188432.0
189076.0
189444.0
190046.0
190645.0
191273.0
191639.0
192215.0
192814.0
193418.0
194030.0
194640.0
195038.0
195643.0
196262.0
196866.0
197232.0
197805.0
198418.0
199024.0
199651.0
200034.0
200638.0
201259.0
201860.0
202482.0
202857.0
203447.0
204064.0
204713.0
205360.0
205750.0
206359.0
206971.0
207588.0
208220.0
208579.0
209174.0
209757.0
210378.0
211025.0
211406.0
212013.0
212637.0
213249.0
213615.0
214234.0
214850.0
215487.0
216072.0
216452.0
217050.0
217654.0
218273.0
218653.0
219250.0
219872.0
220470.0
221096.0
221440.0
222033.0
222618.0
223251.0
223877.0
224255.0
224853.0
225448.0
226045.0
226407.0
226989.0
227619.0
228262.0
228912.0
229280.0
229870.0
230438.0
231038.0
231390.0
231990.0
232605.0
233227.0
233597.0
234172.0
234787.0
235407.0
236032.0
236414.0
237004.0
237605.0
238242.0
238846.0
239225.0
239821.0
240410.0
241040.0
241417.0
242018.0
242617.0
243224.0
243842.0
244210.0
244814.0
245450.0
246092.0
246724.0
247075.0
247689.0
248314.0
248934.0
249301.0
249879.0
250487.0
251102.0
251479.0
252069.0
252663.0
253280.0
253912.0
254285.0
254883.0
255500.0
256125.0
256759.0
257111.0
257711.0
258319.0
258685.0
259287.0
259912.0
260533.0
261138.0
261516.0
262107.0
262710.0
263328.0
263934.0
264301.0
264904.0
265518.0
266156.0
266532.0
267130.0
267726.0
268348.0
268712.0
269291.0
269888.0
270522.0
271135.0
271501.0
272079.0
272689.0
273312.0
273950.0
274326.0
274918.0
275527.0
276160.0
276523.0
277120.0
277740.0
278357.0
278959.0
279342.0
279942.0
280522.0
281112.0
281495.0
282113.0
282721.0
283367.0
283737.0
284331.0
284942.0
285544.0
286173.0
286787.0
287132.0
287741.0
288362.0
288979.0
289572.0
289935.0
290550.0
291153.0
291514.0
292130.0
292734.0
293360.0
293980.0
294630.0
295231.0
295616.0
296220.0
296830.0
297442.0
298074.0
298414.0
299023.0
299643.0
300260.0
300878.0
301503.0
301877.0
302475.0
303084.0
303711.0
304064.0
304659.0
305284.0
305908.0
306264.0
306848.0
307466.0
307797.0
308401.0
308997.0
309628.0
310229.0
310837.0
311182.0
311785.0
312405.0
313030.0
313648.0
313996.0
314610.0
315238.0
315817.0
316195.0
316776.0
317399.0
318017.0
318391.0
318988.0
319604.0
320219.0
320852.0
321220.0
321820.0
322424.0
323056.0
323430.0
324001.0
324625.0
325234.0
325612.0
326231.0
326848.0
327483.0
327848.0
328458.0
329046.0
329667.0
330038.0
330640.0
331246.0
331832.0
332186.0
332785.0
333387.0
333995.0
334619.0
335000.0
335608.0
336213.0
336847.0
337455.0
337838.0
338450.0
339073.0
339689.0
340051.0
340652.0
341266.0
341869.0
342509.0
342871.0
343498.0
344130.0
344765.0
345125.0
345732.0
346336.0
346958.0
347324.0
347937.0
348577.0
349207.0
349836.0
350465.0
350825.0
351412.0
352041.0
352676.0
353297.0
353674.0
354278.0
354904.0
355505.0
355901.0
356478.0
357094.0
357704.0
358317.0
358672.0
359278.0
359886.0
360526.0
360898.0
361511.0
362102.0
362451.0
363041.0
363643.0
364278.0
364887.0
365249.0
365852.0
366474.0
367093.0
367706.0
368064.0
368675.0
369289.0
369910.0
370296.0
370889.0
371496.0
372102.0
372471.0
373074.0
373664.0
374270.0
374890.0
375251.0
375859.0
376457.0
377042.0
377652.0
378021.0
378569.0
379178.0
379799.0
380417.0
380777.0
381362.0
381967.0
382587.0
382964.0
383542.0
384155.0
384810.0
385187.0
385760.0
386376.0
387005.0
387607.0
387982.0
388579.0
389178.0
389798.0
390408.0
390768.0
391373.0
391968.0
392562.0
393182.0
393811.0
394194.0
394817.0
395439.0
396063.0
396425.0
397039.0
397651.0
398269.0
398899.0
399276.0
399872.0
400469.0
401089.0
401451.0
402065.0
402688.0
403316.0
403960.0
404328.0
404930.0
405519.0
406103.0
406491.0
407088.0
407693.0
408305.0
408929.0
409285.0
409813.0
410431.0
411072.0
411712.0
412087.0
412686.0
413276.0
413871.0
414244.0
414820.0
415418.0
416017.0
416389.0
416997.0
417589.0
418219.0
418859.0
419245.0
419840.0
420450.0
421086.0
421724.0
422095.0
422671.0
423268.0
423886.0
424496.0
424845.0
425441.0
426054.0
426697.0
427087.0
427690.0
428299.0
428939.0
429330.0
429937.0
430523.0
431148.0
431766.0
432145.0
432728.0
433328.0
433935.0
434538.0
434891.0
435469.0
436083.0
436714.0
437071.0
437676.0
438276.0
438920.0
439540.0
439912.0
440473.0
441076.0
441711.0
442325.0
442702.0
443286.0
443905.0
444512.0
445146.0
445522.0
446127.0
446751.0
447374.0
447757.0
448349.0
448934.0
449562.0
450195.0
450552.0
451161.0
451796.0
452410.0
453009.0
453374.0
453956.0
454568.0
455180.0
455564.0
456171.0
456776.0
457383.0
458003.0
458377.0
458983.0
459607.0
460230.0
460879.0
461468.0
461833.0
462433.0
463029.0
463648.0
464266.0
464648.0
465234.0
465834.0
466466.0
467085.0
467467.0
468061.0
468656.0
469276.0
469638.0
470246.0
470856.0
471488.0
472117.0
472492.0
473115.0
473729.0
474363.0
474980.0
475350.0
475933.0
476540.0
477150.0
477777.0
478149.0
478763.0
479350.0
479987.0
480595.0
480974.0
481560.0
482170.0
482791.0
483161.0
483756.0
484363.0
484964.0
485593.0
485977.0
486573.0
487170.0
487791.0
488411.0
489031.0
489640.0
490003.0
490610.0
491226.0
491856.0
492479.0
492845.0
493403.0
494035.0
494645.0
495286.0
495658.0
496266.0
496866.0
497466.0
498102.0
498737.0
499099.0
