363.0
708.0
1053.0
1416.0
1757.0
2121.0
2503.0
3223.0
3591.0
4336.0
4724.0
5079.0
5829.0
6171.0
6915.0
7679.0
8052.0
8792.0
9540.0
10312.0
10676.0
11406.0
12154.0
12918.0
13276.0
14036.0
14777.0
15506.0
15876.0
16613.0
17391.0
18151.0
18508.0
19271.0
19648.0
20421.0
21169.0
21907.0
22658.0
23016.0
23370.0
24536.0
24917.0
25279.0
25631.0
26404.0
27172.0
27513.0
29037.0
29790.0
30163.0
30937.0
32064.0
32820.0
33198.0
33926.0
34295.0
35075.0
35451.0
36611.0
37346.0
37691.0
38066.0
38423.0
39189.0
39933.0
40318.0
41454.0
41826.0
42588.0
42968.0
43680.0
44454.0
45234.0
45994.0
46751.0
47474.0
48256.0
48635.0
49007.0
49762.0
50528.0
51295.0
52052.0
52437.0
53572.0
53927.0
54288.0
55047.0
56216.0
56954.0
57320.0
57693.0
58441.0
59210.0
59586.0
59948.0
60687.0
61459.0
62233.0
62605.0
63371.0
64150.0
65278.0
65664.0
66419.0
67190.0
67991.0
68763.0
69129.0
69508.0
70231.0
70598.0
70970.0
72083.0
72817.0
73199.0
73969.0
74325.0
75487.0
76611.0
77386.0
77760.0
78456.0
78836.0
79999.0
80378.0
81115.0
81881.0
82254.0
82623.0
83400.0
84166.0
84511.0
84867.0
85659.0
86026.0
87551.0
88330.0
88704.0
89054.0
89433.0
90201.0
90947.0
91327.0
92088.0
92438.0
93977.0
94743.0
95143.0
95881.0
96592.0
96945.0
97712.0
98093.0
99221.0
99995.0
100782.0
101542.0
101927.0
102293.0
102649.0
103392.0
104158.0
104917.0
106060.0
106829.0
107195.0
107924.0
108304.0
108690.0
109436.0
110215.0
111342.0
111708.0
112084.0
112872.0
113636.0
114014.0
114392.0
115170.0
116305.0
116681.0
117818.0
118198.0
118973.0
119741.0
120129.0
120905.0
121259.0
122029.0
122773.0
123549.0
124294.0
124664.0
125031.0
125792.0
126581.0
127322.0
128068.0
128827.0
129596.0
130334.0
131080.0
131457.0
132225.0
132610.0
133365.0
133741.0
134513.0
134892.0
135673.0
136437.0
137203.0
137976.0
138756.0
139501.0
140251.0
140637.0
141393.0
141777.0
142922.0
143305.0
144053.0
144443.0
145182.0
145549.0
145924.0
147076.0
147822.0
148551.0
148938.0
150069.0
150866.0
151247.0
151625.0
152402.0
153179.0
153937.0
154308.0
155056.0
155811.0
156563.0
157659.0
158032.0
158793.0
159539.0
159925.0
160689.0
161022.0
161779.0
162529.0
163302.0
163673.0
164391.0
164757.0
165897.0
166273.0
167037.0
167420.0
167793.0
168942.0
169727.0
170430.0
171197.0
171969.0
172363.0
173115.0
173490.0
174218.0
174594.0
175367.0
176131.0
176923.0
177697.0
178467.0
178848.0
179217.0
179974.0
180748.0
181545.0
182312.0
183049.0
183428.0
184214.0
184987.0
185768.0
186512.0
187254.0
188007.0
188751.0
189502.0
190249.0
190628.0
191013.0
191391.0
192132.0
192913.0
193695.0
194454.0
195248.0
195617.0
196381.0
197143.0
197510.0
198249.0
198984.0
199358.0
200082.0
200870.0
201222.0
202000.0
202733.0
203824.0
204208.0
204979.0
205340.0
205708.0
206452.0
207211.0
207586.0
208728.0
209110.0
209862.0
210629.0
210999.0
211775.0
212556.0
212903.0
213686.0
214446.0
215235.0
215617.0
216401.0
217179.0
218269.0
219012.0
219352.0
220129.0
220526.0
221625.0
222385.0
222755.0
223126.0
223881.0
224630.0
225002.0
225744.0
226097.0
226861.0
227232.0
227998.0
228362.0
229132.0
229917.0
231049.0
231429.0
232171.0
232556.0
232866.0
233556.0
234306.0
235466.0
236205.0
236592.0
236966.0
237713.0
238476.0
238863.0
239620.0
239985.0
241155.0
241924.0
242301.0
243044.0
243794.0
244146.0
245286.0
245628.0
246012.0
246786.0
247582.0
248330.0
249127.0
249876.0
250258.0
250997.0
251748.0
252116.0
253651.0
254021.0
254768.0
255145.0
255504.0
255882.0
256637.0
257372.0
257745.0
258921.0
259283.0
260450.0
261205.0
261585.0
262359.0
263101.0
263854.0
264237.0
264601.0
265381.0
266160.0
266910.0
267234.0
268003.0
268765.0
269542.0
270265.0
271024.0
271800.0
272162.0
272526.0
273281.0
274424.0
274792.0
275546.0
275921.0
276680.0
277442.0
277810.0
278171.0
278925.0
280091.0
280843.0
281612.0
282349.0
282692.0
283075.0
283422.0
284171.0
285308.0
286086.0
286867.0
287251.0
287636.0
288341.0
289099.0
289453.0
290598.0
290976.0
291322.0
292450.0
293219.0
293589.0
294351.0
295120.0
295902.0
296249.0
297021.0
297770.0
298157.0
298950.0
299332.0
300428.0
300807.0
301915.0
302279.0
303031.0
303384.0
304131.0
304500.0
305602.0
306341.0
306722.0
307499.0
307864.0
308646.0
309400.0
309783.0
310880.0
311652.0
312044.0
312416.0
313161.0
313925.0
314697.0
315482.0
316268.0
316609.0
316976.0
317750.0
318524.0
319304.0
320074.0
320447.0
321183.0
321949.0
322311.0
323053.0
323419.0
324188.0
324957.0
325343.0
326093.0
326849.0
327220.0
328344.0
328726.0
329107.0
330277.0
331022.0
331386.0
332127.0
332873.0
333644.0
334377.0
335107.0
335837.0
336191.0
336972.0
337357.0
337732.0
338484.0
339231.0
339953.0
340333.0
341888.0
342259.0
343013.0
343399.0
343768.0
344531.0
344889.0
345646.0
346765.0
347108.0
347857.0
348641.0
348997.0
349366.0
350517.0
351240.0
351995.0
352356.0
353138.0
353912.0
354677.0
355059.0
355840.0
356614.0
357349.0
357715.0
358460.0
359246.0
359616.0
359970.0
360704.0
361472.0
362246.0
362613.0
363359.0
363734.0
364492.0
365637.0
365999.0
366779.0
367172.0
368327.0
368687.0
369448.0
369827.0
370561.0
371337.0
371717.0
372490.0
373230.0
373598.0
374360.0
375488.0
376247.0
377020.0
377387.0
377780.0
378539.0
378905.0
379638.0
380416.0
380789.0
382297.0
382656.0
383433.0
384213.0
384968.0
385357.0
386121.0
386866.0
387242.0
388023.0
388799.0
389152.0
389493.0
390292.0
390663.0
391830.0
392196.0
392988.0
393764.0
394150.0
395297.0
396043.0
396831.0
397204.0
397591.0
398319.0
399093.0
399467.0
400213.0
400971.0
401347.0
402501.0
402850.0
403214.0
404324.0
405450.0
405836.0
406609.0
406999.0
407382.0
408134.0
408503.0
409259.0
410043.0
410806.0
411514.0
412286.0
413068.0
413446.0
413815.0
414927.0
415701.0
416071.0
416809.0
417586.0
418342.0
419111.0
419472.0
420213.0
420896.0
421637.0
422372.0
422734.0
423499.0
423889.0
424262.0
425788.0
426161.0
426924.0
427316.0
427694.0
428059.0
428809.0
429562.0
430756.0
431540.0
431922.0
432298.0
433056.0
433818.0
434589.0
435381.0
436135.0
436904.0
437653.0
438433.0
438799.0
439567.0
439943.0
440332.0
441121.0
442311.0
443083.0
443459.0
443813.0
444583.0
444975.0
446087.0
446837.0
447623.0
448009.0
448798.0
449167.0
449908.0
450299.0
451043.0
451797.0
452147.0
452933.0
454052.0
454800.0
455577.0
455957.0
456714.0
457093.0
457842.0
458602.0
459360.0
459735.0
460478.0
460846.0
461571.0
462346.0
463102.0
463838.0
464602.0
465352.0
465709.0
466078.0
466833.0
467223.0
467584.0
468313.0
469095.0
469871.0
470650.0
471386.0
472113.0
472871.0
473233.0
474394.0
475160.0
475530.0
475900.0
477022.0
477409.0
478201.0
478979.0
479737.0
480518.0
481282.0
481658.0
482415.0
483185.0
483973.0
484719.0
485095.0
485485.0
485869.0
486631.0
487820.0
488190.0
488955.0
489332.0
489700.0
490469.0
491209.0
491566.0
492352.0
493125.0
493908.0
494669.0
495439.0
496190.0
496568.0
497336.0
498077.0
499212.0
