49.0
94.0
144.0
194.0
243.0
290.0
338.0
439.0
489.0
539.0
642.0
746.0
796.0
848.0
996.0
1045.0
1094.0
1144.0
1246.0
1352.0
1400.0
1557.0
1611.0
1717.0
1875.0
1928.0
2030.0
2080.0
2240.0
2289.0
2391.0
2438.0
2543.0
2697.0
2747.0
2847.0
2951.0
3002.0
3102.0
3148.0
3251.0
3303.0
3410.0
3514.0
3566.0
3666.0
3717.0
3766.0
3963.0
4015.0
4114.0
4166.0
4269.0
4370.0
4476.0
4574.0
4625.0
4672.0
4770.0
4825.0
4982.0
5035.0
5139.0
5190.0
5242.0
5396.0
5500.0
5609.0
5711.0
5816.0
5863.0
5966.0
6072.0
6175.0
6227.0
6333.0
6436.0
6486.0
6593.0
6698.0
6748.0
6853.0
6957.0
7060.0
7166.0
7219.0
7268.0
7428.0
7529.0
7634.0
7685.0
7838.0
7890.0
7990.0
8039.0
8086.0
8183.0
8286.0
8391.0
8438.0
8539.0
8591.0
8740.0
8792.0
8840.0
8994.0
9044.0
9147.0
9248.0
9296.0
9399.0
9449.0
9548.0
9657.0
9761.0
9918.0
9968.0
10069.0
10171.0
10222.0
10326.0
10378.0
10430.0
10531.0
10638.0
10740.0
10847.0
10895.0
11052.0
11101.0
11207.0
11314.0
11365.0
11465.0
11566.0
11671.0
11723.0
11824.0
11977.0
12076.0
12127.0
12178.0
12226.0
12379.0
12430.0
12531.0
12629.0
12785.0
12837.0
12940.0
12993.0
13045.0
13151.0
13253.0
13363.0
13413.0
13516.0
13568.0
13668.0
13826.0
13878.0
13979.0
14087.0
14137.0
14189.0
14343.0
14449.0
14554.0
14659.0
14711.0
14762.0
14915.0
14966.0
15016.0
15119.0
15221.0
15327.0
15379.0
15483.0
15588.0
15691.0
15739.0
15841.0
15947.0
15997.0
16100.0
16203.0
16251.0
16354.0
16509.0
16559.0
16663.0
16768.0
16821.0
16927.0
16977.0
17080.0
17132.0
17234.0
17339.0
17391.0
17495.0
17597.0
17698.0
17750.0
17797.0
18000.0
18052.0
18154.0
18206.0
18349.0
18396.0
18448.0
18494.0
18595.0
18696.0
18799.0
18851.0
19007.0
19209.0
19258.0
19308.0
19409.0
19510.0
19558.0
19664.0
19766.0
19867.0
19971.0
20073.0
20120.0
20225.0
20275.0
20325.0
20427.0
20474.0
20523.0
20623.0
20725.0
20883.0
20988.0
21039.0
21082.0
21238.0
21344.0
21398.0
21447.0
21549.0
21655.0
21805.0
21907.0
22013.0
22065.0
22117.0
22166.0
22268.0
22320.0
22369.0
22469.0
22575.0
22732.0
22827.0
22928.0
23032.0
23137.0
23240.0
23291.0
23392.0
23443.0
23599.0
23649.0
23752.0
23855.0
23950.0
24001.0
24110.0
24159.0
24211.0
24315.0
24423.0
24521.0
24572.0
24673.0
24724.0
24873.0
24976.0
25081.0
25131.0
25235.0
25285.0
25385.0
25489.0
25540.0
25642.0
25743.0
25843.0
25944.0
25994.0
26097.0
26144.0
26193.0
26295.0
26396.0
26502.0
26657.0
26709.0
26812.0
26916.0
26964.0
27067.0
27164.0
27271.0
27371.0
27473.0
27523.0
27628.0
27731.0
27883.0
27935.0
27982.0
28086.0
28137.0
28184.0
28234.0
28332.0
28488.0
28588.0
28640.0
28745.0
28796.0
28892.0
28943.0
29102.0
29200.0
29253.0
29352.0
29405.0
29509.0
29614.0
29715.0
29767.0
29868.0
29965.0
30125.0
30175.0
30227.0
30330.0
30382.0
30483.0
30536.0
30690.0
30895.0
30946.0
30999.0
31100.0
31204.0
31257.0
31306.0
31358.0
31465.0
31514.0
31674.0
31725.0
31830.0
31881.0
32036.0
32138.0
32243.0
32292.0
32444.0
32489.0
32539.0
32638.0
32687.0
32790.0
32898.0
32945.0
33103.0
33152.0
33250.0
33353.0
33406.0
33562.0
33660.0
33710.0
33761.0
33810.0
33913.0
34066.0
34163.0
34267.0
34317.0
34416.0
34467.0
34519.0
34673.0
34772.0
34821.0
34922.0
35024.0
35076.0
35181.0
35232.0
35283.0
35383.0
35488.0
35593.0
35644.0
35801.0
35907.0
36011.0
36062.0
36212.0
36314.0
36367.0
36420.0
36522.0
36572.0
36671.0
36831.0
36881.0
36984.0
37034.0
37136.0
37236.0
37287.0
37392.0
37494.0
37546.0
37703.0
37751.0
37803.0
37854.0
38003.0
38158.0
38263.0
38313.0
38362.0
38465.0
38571.0
38673.0
38726.0
38829.0
38880.0
38982.0
39084.0
39186.0
39286.0
39387.0
39436.0
39540.0
39589.0
39695.0
39799.0
39905.0
40007.0
40112.0
40217.0
40268.0
40371.0
40423.0
40474.0
40580.0
40732.0
40830.0
40936.0
40989.0
41092.0
41142.0
41295.0
41398.0
41449.0
41499.0
41605.0
41706.0
41754.0
41857.0
41961.0
42065.0
42114.0
42219.0
42325.0
42428.0
42480.0
42586.0
42743.0
42843.0
42946.0
42994.0
43044.0
43098.0
43200.0
43299.0
43398.0
43497.0
43549.0
43705.0
43804.0
43904.0
43954.0
44057.0
44105.0
44156.0
44257.0
44357.0
44410.0
44606.0
44660.0
44763.0
44864.0
44910.0
44962.0
45112.0
45162.0
45216.0
45268.0
45425.0
45529.0
45581.0
45633.0
45787.0
45889.0
45938.0
46039.0
46093.0
46141.0
46248.0
46293.0
46451.0
46553.0
46652.0
46703.0
46808.0
46910.0
46957.0
47059.0
47110.0
47212.0
47261.0
47419.0
47521.0
47622.0
47726.0
47778.0
47826.0
47985.0
48036.0
48136.0
48229.0
48336.0
48436.0
48486.0
48536.0
48587.0
48689.0
48887.0
48991.0
49041.0
49089.0
49192.0
49295.0
49397.0
