48.0
99.0
191.0
290.0
342.0
438.0
536.0
586.0
683.0
781.0
879.0
931.0
1023.0
1116.0
1216.0
1311.0
1363.0
1464.0
1563.0
1610.0
1702.0
1796.0
1848.0
1990.0
2037.0
2136.0
2234.0
2284.0
2383.0
2479.0
2579.0
2627.0
2768.0
2818.0
2913.0
3007.0
3057.0
3152.0
3248.0
3349.0
3400.0
3500.0
3600.0
3651.0
3748.0
3846.0
3896.0
3994.0
4089.0
4187.0
4287.0
4385.0
4436.0
4529.0
4626.0
4675.0
4775.0
4873.0
4972.0
5070.0
5168.0
5217.0
5311.0
5408.0
5503.0
5553.0
5648.0
5746.0
5841.0
5890.0
5986.0
6084.0
6135.0
6228.0
6327.0
6421.0
6516.0
6569.0
6669.0
6765.0
6815.0
6913.0
7014.0
7105.0
7195.0
7245.0
7345.0
7446.0
7542.0
7591.0
7684.0
7776.0
7867.0
7918.0
8012.0
8109.0
8208.0
8259.0
8359.0
8459.0
8509.0
8606.0
8706.0
8758.0
8853.0
8901.0
9040.0
9086.0
9185.0
9286.0
9383.0
9434.0
9533.0
9630.0
9681.0
9777.0
9878.0
9974.0
10024.0
10124.0
10225.0
10319.0
10417.0
10471.0
10559.0
10657.0
10754.0
10804.0
10903.0
10994.0
11093.0
11143.0
11239.0
11335.0
11430.0
11525.0
11578.0
11675.0
11772.0
11821.0
11917.0
12014.0
12108.0
12157.0
12253.0
12351.0
12448.0
12496.0
12593.0
12687.0
12781.0
12832.0
12933.0
13032.0
13083.0
13182.0
13280.0
13329.0
13428.0
13522.0
13620.0
13720.0
13771.0
13861.0
13961.0
14056.0
14106.0
14202.0
14300.0
14351.0
14444.0
14540.0
14640.0
14738.0
14833.0
14927.0
14974.0
15072.0
15165.0
15263.0
15315.0
15411.0
15508.0
15607.0
15658.0
15754.0
15855.0
15904.0
16001.0
16102.0
16203.0
16255.0
16351.0
16446.0
16542.0
16593.0
16694.0
16791.0
16888.0
16937.0
17034.0
17128.0
17179.0
17273.0
17367.0
17464.0
17515.0
17612.0
17709.0
17808.0
17859.0
17955.0
18054.0
18155.0
18205.0
18303.0
18402.0
18453.0
18554.0
18654.0
18744.0
18844.0
18895.0
18988.0
19086.0
19178.0
19231.0
19328.0
19423.0
19517.0
19571.0
19667.0
19762.0
19857.0
19950.0
20002.0
20100.0
20151.0
20249.0
20347.0
20441.0
20492.0
20587.0
20685.0
20781.0
20834.0
20928.0
21026.0
21125.0
21173.0
21274.0
21366.0
21462.0
21513.0
21613.0
21713.0
21805.0
21855.0
21949.0
22050.0
22102.0
22196.0
22297.0
22394.0
22443.0
22539.0
22641.0
22738.0
22786.0
22883.0
22979.0
23032.0
23130.0
23223.0
23319.0
23369.0
23466.0
23565.0
23663.0
23714.0
23855.0
23898.0
23990.0
24089.0
24141.0
24239.0
24336.0
24438.0
24532.0
24585.0
24682.0
24777.0
24873.0
24924.0
25013.0
25109.0
25207.0
25304.0
25352.0
25448.0
25546.0
25599.0
25694.0
25787.0
25887.0
25987.0
26039.0
26088.0
26189.0
26283.0
26384.0
26481.0
26579.0
26630.0
26728.0
26826.0
26926.0
26973.0
27071.0
27165.0
27213.0
27309.0
27408.0
27455.0
27551.0
27646.0
27744.0
27844.0
27942.0
27995.0
28095.0
28192.0
28291.0
28343.0
28444.0
28547.0
28644.0
28695.0
28790.0
28887.0
28987.0
29037.0
29139.0
29236.0
29285.0
29378.0
29476.0
29567.0
29661.0
29712.0
29808.0
29860.0
29958.0
30054.0
30151.0
30248.0
30300.0
30388.0
30485.0
30579.0
30629.0
30729.0
30821.0
30918.0
31012.0
31062.0
31159.0
31255.0
31307.0
31400.0
31497.0
31590.0
31690.0
31741.0
31838.0
31937.0
31987.0
32084.0
32181.0
32229.0
32326.0
32426.0
32524.0
32620.0
32670.0
32808.0
32856.0
32948.0
32998.0
33096.0
33195.0
33293.0
33388.0
33442.0
33536.0
33636.0
33732.0
33780.0
33875.0
33970.0
34020.0
34117.0
34209.0
34307.0
34357.0
34454.0
34545.0
34598.0
34694.0
34792.0
34888.0
34981.0
35032.0
35131.0
35227.0
35323.0
35412.0
35464.0
35562.0
35661.0
35759.0
35808.0
35904.0
35954.0
36098.0
36149.0
36245.0
36343.0
36441.0
36494.0
36588.0
36687.0
36784.0
36878.0
36930.0
37024.0
37119.0
37216.0
37266.0
37366.0
37468.0
37563.0
37614.0
37711.0
37806.0
37904.0
37955.0
38050.0
38146.0
38194.0
38342.0
38390.0
38488.0
38536.0
38634.0
38733.0
38831.0
38925.0
38974.0
39074.0
39168.0
39265.0
39318.0
39412.0
39506.0
39602.0
39699.0
39750.0
39845.0
39943.0
40042.0
40091.0
40190.0
40288.0
40387.0
40438.0
40540.0
40590.0
40684.0
40781.0
40875.0
40970.0
41019.0
41118.0
41219.0
41319.0
41369.0
41467.0
41565.0
41660.0
41710.0
41811.0
41910.0
42010.0
42063.0
42162.0
42257.0
42353.0
42402.0
42497.0
42594.0
42646.0
42739.0
42834.0
42929.0
43026.0
43118.0
43169.0
43259.0
43354.0
43452.0
43500.0
43599.0
43699.0
43751.0
43848.0
43944.0
44043.0
44139.0
44190.0
44285.0
44383.0
44431.0
44527.0
44625.0
44717.0
44769.0
44868.0
44965.0
45063.0
45115.0
45215.0
45313.0
45410.0
45459.0
45555.0
45654.0
45750.0
45851.0
45901.0
46000.0
46096.0
46192.0
46242.0
46338.0
46434.0
46531.0
46584.0
46679.0
46780.0
46872.0
46966.0
47016.0
47115.0
47214.0
47261.0
47358.0
47405.0
47552.0
47604.0
47700.0
47796.0
47894.0
47990.0
48084.0
48134.0
48233.0
48332.0
48383.0
48481.0
48576.0
48671.0
48721.0
48819.0
48920.0
49013.0
49060.0
49156.0
49247.0
49299.0
49400.0
49491.0
49591.0
49640.0
49739.0
49836.0
49932.0
49984.0
50081.0
50180.0
50277.0
50327.0
50425.0
50525.0
50623.0
50718.0
50768.0
50866.0
50964.0
51062.0
51115.0
51210.0
51308.0
51360.0
51454.0
51553.0
51647.0
51698.0
51791.0
51844.0
51939.0
52039.0
52141.0
52188.0
52283.0
52377.0
52474.0
52525.0
52620.0
52716.0
52762.0
52854.0
52950.0
53001.0
53094.0
53192.0
53295.0
53346.0
53446.0
53539.0
53636.0
53688.0
53782.0
53885.0
53983.0
54082.0
54178.0
54225.0
54324.0
54428.0
54479.0
54576.0
54673.0
54725.0
54861.0
54910.0
55009.0
55107.0
55153.0
55252.0
55348.0
55397.0
55496.0
55594.0
55689.0
55787.0
55836.0
55936.0
56027.0
56120.0
56169.0
56267.0
56361.0
56459.0
56508.0
56597.0
56694.0
56790.0
56843.0
56937.0
57033.0
57133.0
57228.0
57281.0
57379.0
57476.0
57574.0
57626.0
57721.0
57816.0
57912.0
57964.0
58059.0
58107.0
58205.0
58301.0
58399.0
58494.0
58545.0
58645.0
58740.0
58835.0
58886.0
58980.0
59078.0
59173.0
59269.0
59317.0
59413.0
59513.0
59610.0
59662.0
59753.0
59853.0
59903.0
60001.0
60099.0
60199.0
60248.0
60345.0
60443.0
60538.0
60638.0
60687.0
60785.0
60881.0
60980.0
61075.0
61122.0
61221.0
61317.0
61365.0
61458.0
61553.0
61603.0
61700.0
61801.0
61852.0
61950.0
62052.0
62147.0
62245.0
62294.0
62387.0
62479.0
62573.0
62625.0
62720.0
62816.0
62867.0
62968.0
63065.0
63166.0
63263.0
63310.0
63405.0
63499.0
63593.0
63645.0
63739.0
63837.0
63935.0
63984.0
64081.0
64179.0
64282.0
64380.0
64432.0
64529.0
64628.0
64726.0
64822.0
64869.0
64968.0
65063.0
65164.0
65259.0
65311.0
65404.0
65502.0
65595.0
65644.0
65744.0
65838.0
65934.0
66034.0
66084.0
66181.0
66276.0
66376.0
66428.0
66528.0
66626.0
66724.0
66775.0
66871.0
66966.0
67019.0
67114.0
67210.0
67306.0
67357.0
67451.0
67548.0
67645.0
67743.0
67793.0
67888.0
67987.0
68084.0
68134.0
68274.0
68323.0
68419.0
68471.0
68571.0
68668.0
68768.0
68864.0
68911.0
69005.0
69103.0
69198.0
69250.0
69347.0
69446.0
69497.0
69595.0
69687.0
69781.0
69879.0
69928.0
70015.0
70111.0
70161.0
70254.0
70353.0
70403.0
70499.0
70594.0
70690.0
70741.0
70835.0
70934.0
70981.0
71082.0
71180.0
71230.0
71327.0
71423.0
71520.0
71569.0
71670.0
71770.0
71868.0
71959.0
72012.0
72114.0
72214.0
72267.0
72360.0
72461.0
72512.0
72607.0
72707.0
72807.0
72858.0
72956.0
73044.0
73142.0
73240.0
73285.0
73384.0
73484.0
73581.0
73626.0
73724.0
73823.0
73874.0
73972.0
74067.0
74163.0
74257.0
74309.0
74409.0
74505.0
74602.0
74696.0
74749.0
74847.0
74945.0
75044.0
75141.0
75192.0
75292.0
75391.0
75492.0
75543.0
75638.0
75733.0
75784.0
75884.0
75980.0
76028.0
76126.0
76223.0
76318.0
76366.0
76469.0
76561.0
76656.0
76704.0
76801.0
76899.0
76996.0
77047.0
77148.0
77244.0
77341.0
77393.0
77490.0
77585.0
77633.0
77728.0
77827.0
77927.0
77977.0
78076.0
78170.0
78265.0
78316.0
78415.0
78465.0
78605.0
78656.0
78753.0
78854.0
78953.0
79002.0
79099.0
79198.0
79293.0
79344.0
79440.0
79537.0
79633.0
79682.0
79779.0
79877.0
79974.0
80025.0
80119.0
80221.0
80318.0
80370.0
80464.0
80558.0
80607.0
80704.0
80803.0
80900.0
80999.0
81051.0
81142.0
81243.0
81341.0
81440.0
81485.0
81578.0
81675.0
81725.0
81823.0
81923.0
82017.0
82071.0
82166.0
82263.0
82359.0
82454.0
82502.0
82599.0
82694.0
82746.0
82836.0
82937.0
83032.0
83082.0
83177.0
83275.0
83371.0
83420.0
83520.0
83622.0
83716.0
83814.0
83863.0
83959.0
84054.0
84107.0
84205.0
84306.0
84405.0
84457.0
84552.0
84650.0
84701.0
84797.0
84894.0
84993.0
85091.0
85141.0
85232.0
85330.0
85429.0
85480.0
85580.0
85676.0
85769.0
85821.0
85920.0
86019.0
86116.0
86165.0
86265.0
86364.0
86464.0
86510.0
86608.0
86707.0
86758.0
86852.0
86949.0
87046.0
87097.0
87196.0
87295.0
87393.0
87482.0
87533.0
87628.0
87727.0
87826.0
87926.0
87977.0
88076.0
88174.0
88224.0
88320.0
88410.0
88504.0
88557.0
88649.0
88747.0
88847.0
88943.0
88996.0
89098.0
89197.0
89298.0
89350.0
89445.0
89541.0
89633.0
89729.0
89781.0
89875.0
89974.0
90071.0
90124.0
90220.0
90268.0
90414.0
90467.0
90564.0
90655.0
90703.0
90801.0
90895.0
90945.0
91043.0
91144.0
91193.0
91292.0
91382.0
91482.0
91532.0
91629.0
91726.0
91820.0
91916.0
91969.0
92067.0
92166.0
92266.0
92360.0
92406.0
92501.0
92596.0
92692.0
92740.0
92833.0
92933.0
92979.0
93078.0
93176.0
93277.0
93325.0
93421.0
93519.0
93569.0
93716.0
93767.0
93866.0
93964.0
94060.0
94112.0
94207.0
94305.0
94404.0
94455.0
94553.0
94650.0
94699.0
94796.0
94897.0
94998.0
95097.0
95147.0
95247.0
95346.0
95443.0
95495.0
95597.0
95650.0
95745.0
95840.0
95928.0
96022.0
96121.0
96174.0
96272.0
96371.0
96470.0
96520.0
96616.0
96713.0
96812.0
96908.0
96960.0
97059.0
97156.0
97254.0
97305.0
97402.0
97498.0
97593.0
97643.0
97736.0
97831.0
97929.0
98024.0
98077.0
98172.0
98270.0
98367.0
98411.0
98505.0
98603.0
98644.0
98743.0
