348.0
705.0
1064.0
1436.0
1816.0
2539.0
2912.0
3288.0
4054.0
4402.0
5096.0
5845.0
6187.0
6948.0
7632.0
8008.0
8774.0
9519.0
10603.0
10993.0
11764.0
12537.0
13300.0
13680.0
14420.0
15181.0
15968.0
16347.0
16734.0
17480.0
18236.0
18989.0
19739.0
20102.0
20877.0
21636.0
22367.0
22725.0
23474.0
24264.0
24644.0
25389.0
25775.0
26532.0
27294.0
28029.0
28403.0
29528.0
29908.0
30667.0
31037.0
31776.0
32153.0
32929.0
33683.0
34069.0
35182.0
35570.0
35936.0
37086.0
37851.0
38962.0
39344.0
39695.0
40824.0
41199.0
41570.0
42325.0
43098.0
43861.0
44228.0
45009.0
45381.0
46471.0
47233.0
47625.0
48346.0
48717.0
49465.0
49833.0
50206.0
51343.0
52090.0
53223.0
53596.0
54352.0
54748.0
55491.0
56262.0
56639.0
57017.0
58185.0
58576.0
59357.0
60129.0
60868.0
61648.0
62024.0
62400.0
63507.0
63884.0
64654.0
65440.0
65813.0
66141.0
66891.0
67995.0
68724.0
69473.0
69854.0
70642.0
71017.0
72123.0
72871.0
73240.0
73589.0
74736.0
75120.0
76268.0
76631.0
77005.0
78094.0
78456.0
78811.0
79589.0
80340.0
80718.0
81468.0
82230.0
82930.0
83708.0
84470.0
84821.0
85203.0
85947.0
86662.0
87423.0
88222.0
88616.0
89357.0
90115.0
90493.0
91625.0
92004.0
92371.0
93137.0
93516.0
94668.0
95778.0
96172.0
96933.0
97304.0
98063.0
98843.0
99596.0
100356.0
100740.0
101488.0
101862.0
102594.0
103321.0
103679.0
104434.0
105164.0
105941.0
106330.0
107432.0
107796.0
108572.0
108936.0
109682.0
110442.0
111211.0
111927.0
112673.0
113416.0
114158.0
114508.0
115265.0
115617.0
116362.0
116731.0
117520.0
118679.0
119064.0
119823.0
120577.0
121321.0
121657.0
122431.0
122808.0
123956.0
124677.0
125420.0
125778.0
126548.0
126900.0
127658.0
128044.0
128764.0
129530.0
130297.0
130688.0
131442.0
132192.0
132554.0
133318.0
134064.0
134451.0
135202.0
135958.0
136735.0
137856.0
138555.0
138934.0
139301.0
139647.0
140783.0
141164.0
141934.0
142296.0
143038.0
144155.0
144543.0
145256.0
145636.0
146396.0
147177.0
148259.0
148644.0
149002.0
149790.0
150551.0
150920.0
151670.0
152412.0
153194.0
153929.0
154702.0
155061.0
155831.0
156209.0
156989.0
157752.0
158516.0
158881.0
160029.0
160400.0
161160.0
161554.0
162309.0
163074.0
163841.0
164608.0
164988.0
166135.0
166488.0
167244.0
167989.0
168352.0
168716.0
169463.0
170193.0
170566.0
171716.0
172459.0
172804.0
173920.0
174303.0
174676.0
175048.0
176199.0
176932.0
177317.0
178096.0
178463.0
179597.0
179951.0
180314.0
181059.0
181844.0
182608.0
183389.0
183755.0
184870.0
185248.0
185613.0
186374.0
186729.0
187488.0
188256.0
188975.0
189361.0
190129.0
190890.0
191266.0
192436.0
192812.0
194310.0
194687.0
195073.0
195835.0
196196.0
197318.0
197690.0
198389.0
199190.0
199559.0
200283.0
201016.0
201373.0
201744.0
202498.0
203621.0
204007.0
204784.0
205544.0
206314.0
207059.0
207416.0
208181.0
208936.0
209705.0
210457.0
210818.0
211597.0
211964.0
213127.0
213487.0
214245.0
214995.0
215379.0
216141.0
216501.0
217265.0
217647.0
218413.0
219551.0
220310.0
220667.0
221036.0
221755.0
222494.0
223265.0
224026.0
224389.0
225175.0
225529.0
226313.0
226668.0
227812.0
228158.0
228931.0
229308.0
230047.0
230816.0
231585.0
232343.0
233112.0
233854.0
234238.0
234956.0
235737.0
236134.0
236918.0
237692.0
238433.0
238783.0
239160.0
239948.0
240701.0
241455.0
242192.0
242965.0
243349.0
244098.0
244802.0
245586.0
246365.0
247483.0
247858.0
248235.0
248997.0
249767.0
250134.0
250476.0
250852.0
251970.0
252745.0
253491.0
253836.0
254177.0
254943.0
255704.0
256461.0
256821.0
257936.0
258309.0
258673.0
259029.0
260155.0
260517.0
261250.0
262008.0
262793.0
263154.0
263952.0
264694.0
265436.0
266182.0
266968.0
267738.0
268099.0
268467.0
269564.0
269950.0
270301.0
271447.0
271782.0
272557.0
273336.0
274118.0
274492.0
274850.0
275960.0
276731.0
277118.0
277879.0
278634.0
279433.0
279818.0
280582.0
280956.0
281710.0
282487.0
283250.0
283607.0
284348.0
285124.0
285507.0
286247.0
287024.0
287796.0
288589.0
289361.0
290135.0
290508.0
291638.0
292405.0
292772.0
293536.0
293910.0
294673.0
295788.0
296165.0
296891.0
297259.0
297627.0
298766.0
299140.0
299875.0
300246.0
301012.0
301763.0
302493.0
302886.0
303658.0
304047.0
304419.0
305135.0
305926.0
306693.0
307078.0
307817.0
308990.0
309367.0
310499.0
311249.0
311626.0
311985.0
312757.0
313514.0
314274.0
314636.0
315388.0
316158.0
316522.0
317282.0
318413.0
318795.0
319530.0
319885.0
320647.0
321020.0
321756.0
322517.0
323258.0
323646.0
324399.0
325170.0
325933.0
326306.0
327342.0
328079.0
328443.0
329199.0
329974.0
330722.0
331482.0
331863.0
332626.0
332981.0
333759.0
334526.0
335322.0
336095.0
336466.0
337251.0
338005.0
338376.0
339108.0
339864.0
340609.0
340995.0
341365.0
342104.0
342892.0
343997.0
344361.0
345108.0
345875.0
346245.0
347004.0
347387.0
348154.0
348909.0
349677.0
350383.0
351143.0
351519.0
351892.0
353016.0
353408.0
354158.0
354524.0
355665.0
356426.0
356793.0
357173.0
357889.0
358634.0
359017.0
359787.0
360547.0
361328.0
362101.0
362892.0
363279.0
364431.0
364799.0
365564.0
366329.0
366697.0
367456.0
367815.0
368615.0
368981.0
369748.0
370109.0
371282.0
372046.0
372825.0
373578.0
374342.0
375107.0
375484.0
376259.0
376620.0
377375.0
377740.0
378869.0
379997.0
380357.0
380715.0
381084.0
381854.0
382198.0
382930.0
384045.0
384428.0
384813.0
385566.0
386294.0
387059.0
387801.0
388950.0
389334.0
389714.0
390432.0
390740.0
391092.0
392206.0
392938.0
393282.0
393623.0
394382.0
395140.0
395861.0
396611.0
397726.0
398480.0
398833.0
399198.0
399554.0
400707.0
401101.0
401481.0
402581.0
402953.0
403689.0
404434.0
404814.0
405592.0
406346.0
407112.0
407882.0
408238.0
409381.0
409740.0
410123.0
410906.0
411642.0
412023.0
412775.0
413505.0
414277.0
414636.0
415762.0
416141.0
416899.0
417641.0
418003.0
418765.0
419129.0
420293.0
421064.0
421444.0
422195.0
422555.0
423308.0
424054.0
424838.0
425224.0
425583.0
426730.0
427098.0
427833.0
428609.0
428990.0
430136.0
430497.0
431277.0
432013.0
432372.0
433127.0
433885.0
434634.0
435019.0
435382.0
436076.0
436846.0
437986.0
438362.0
438723.0
439487.0
439831.0
440597.0
441388.0
442507.0
442897.0
443276.0
444023.0
444784.0
445553.0
446302.0
447085.0
447445.0
447820.0
448602.0
449367.0
450114.0
450862.0
451219.0
452009.0
452396.0
453142.0
453515.0
454264.0
455334.0
456044.0
456424.0
457578.0
457939.0
458716.0
459102.0
459836.0
460618.0
461012.0
461754.0
462517.0
463288.0
464039.0
464794.0
465174.0
465537.0
466289.0
467064.0
467433.0
468577.0
468956.0
469706.0
470794.0
471180.0
472280.0
472664.0
473022.0
473778.0
474162.0
474891.0
475654.0
476414.0
476761.0
477927.0
478284.0
479003.0
479759.0
480152.0
480925.0
481671.0
482431.0
482805.0
483160.0
483949.0
485085.0
485462.0
486244.0
486585.0
487329.0
488101.0
488843.0
489204.0
489953.0
490732.0
491486.0
492262.0
492620.0
493403.0
494134.0
494498.0
495271.0
495638.0
496412.0
497587.0
497959.0
498701.0
