343.0
688.0
1443.0
1811.0
2551.0
2906.0
3661.0
4030.0
4764.0
5544.0
6270.0
6989.0
7375.0
8143.0
8883.0
9601.0
9963.0
10706.0
11453.0
11794.0
12542.0
12906.0
14040.0
14765.0
15135.0
15869.0
16616.0
17343.0
18076.0
18445.0
19195.0
19585.0
20321.0
21071.0
21427.0
22185.0
22927.0
23667.0
24047.0
24809.0
25557.0
26310.0
27034.0
27408.0
28133.0
28901.0
29661.0
30049.0
30776.0
31505.0
32261.0
32638.0
33384.0
33736.0
34481.0
34821.0
35525.0
36295.0
37041.0
37793.0
38536.0
39290.0
39666.0
40373.0
41478.0
41847.0
42583.0
42960.0
43715.0
44084.0
45182.0
45564.0
46314.0
47040.0
47412.0
48162.0
48878.0
49626.0
49979.0
50729.0
51486.0
52234.0
52996.0
53381.0
54089.0
54459.0
55199.0
55956.0
56716.0
57469.0
57843.0
58590.0
59338.0
60076.0
60440.0
61210.0
61979.0
62724.0
63486.0
63832.0
64555.0
64935.0
65682.0
66398.0
67124.0
67508.0
68248.0
68978.0
69733.0
70513.0
70895.0
71644.0
72386.0
73115.0
73506.0
74255.0
74632.0
75754.0
76492.0
77236.0
77594.0
78340.0
78713.0
79457.0
79827.0
80967.0
81363.0
82089.0
82841.0
83597.0
84348.0
84698.0
85421.0
86164.0
86904.0
87265.0
88017.0
88395.0
89150.0
89901.0
90673.0
91425.0
92163.0
92878.0
93250.0
94007.0
94762.0
95127.0
95869.0
96645.0
97022.0
97752.0
98503.0
99261.0
100007.0
100754.0
101133.0
101876.0
102636.0
103375.0
103741.0
104497.0
105277.0
106017.0
106405.0
107163.0
107904.0
108609.0
108958.0
109717.0
110104.0
110817.0
111581.0
112338.0
113082.0
113450.0
114218.0
114580.0
115295.0
115999.0
116737.0
117453.0
118157.0
118551.0
119305.0
120056.0
120431.0
121194.0
121946.0
122693.0
123428.0
123787.0
124523.0
124891.0
125651.0
126409.0
127192.0
127951.0
128320.0
129068.0
129792.0
130154.0
130884.0
131582.0
131956.0
132724.0
133465.0
134214.0
134603.0
135367.0
136076.0
136824.0
137562.0
137909.0
138271.0
139003.0
139765.0
140500.0
141257.0
142022.0
142378.0
143117.0
143856.0
144229.0
144981.0
145744.0
146475.0
147230.0
147620.0
148333.0
149092.0
149820.0
150545.0
151305.0
151682.0
152430.0
153192.0
153935.0
154308.0
155026.0
155391.0
156133.0
156894.0
157644.0
158382.0
158751.0
159500.0
160238.0
160993.0
161354.0
162103.0
162856.0
163246.0
163967.0
164706.0
165047.0
165797.0
166562.0
167301.0
167648.0
168378.0
169482.0
169826.0
170207.0
170958.0
171683.0
172061.0
172775.0
173517.0
174253.0
175005.0
175749.0
176449.0
176818.0
177594.0
178343.0
178720.0
179037.0
179773.0
180523.0
181278.0
182034.0
182787.0
183160.0
183910.0
184608.0
185346.0
185713.0
186463.0
187209.0
187948.0
188320.0
189070.0
189814.0
190569.0
190944.0
191693.0
192056.0
192770.0
193537.0
194284.0
194656.0
195341.0
196082.0
196829.0
197555.0
198279.0
198630.0
199363.0
200112.0
200477.0
201248.0
201986.0
202692.0
203430.0
203802.0
204537.0
205288.0
206026.0
206373.0
207127.0
207866.0
208243.0
209335.0
209715.0
210075.0
210809.0
211557.0
212300.0
212674.0
213426.0
214184.0
214954.0
215328.0
216074.0
216449.0
217178.0
217916.0
218674.0
219422.0
220177.0
220547.0
221299.0
221684.0
222416.0
223167.0
224265.0
224646.0
225021.0
225762.0
226515.0
227238.0
227989.0
228377.0
229084.0
229834.0
230215.0
230962.0
231675.0
232414.0
232752.0
233482.0
234238.0
234995.0
235716.0
236101.0
236839.0
237595.0
237984.0
238737.0
239492.0
239869.0
240957.0
241642.0
242019.0
242711.0
243090.0
243852.0
244973.0
245345.0
245710.0
246459.0
247226.0
247986.0
248366.0
249100.0
249472.0
250240.0
250939.0
252038.0
252405.0
253147.0
253877.0
254237.0
255005.0
255714.0
256449.0
256827.0
257575.0
258323.0
258710.0
259457.0
260202.0
260961.0
261331.0
262074.0
262824.0
263591.0
264322.0
264702.0
265444.0
266170.0
266927.0
267286.0
268034.0
268789.0
269163.0
269925.0
270658.0
271420.0
271813.0
272532.0
273290.0
273654.0
274395.0
275155.0
275900.0
276286.0
277403.0
277770.0
278524.0
279255.0
279992.0
280371.0
281127.0
281858.0
282219.0
282965.0
283740.0
284534.0
284911.0
285677.0
286436.0
287153.0
287514.0
288622.0
288999.0
289762.0
290148.0
290881.0
292005.0
292377.0
293129.0
293498.0
293863.0
294559.0
295331.0
296087.0
296461.0
297217.0
297956.0
298680.0
299028.0
299774.0
300508.0
301210.0
301580.0
302304.0
303073.0
303800.0
304170.0
304950.0
305713.0
306049.0
306804.0
307560.0
308290.0
309038.0
309803.0
310135.0
310899.0
311658.0
312003.0
312717.0
313073.0
313839.0
314595.0
315332.0
316095.0
316825.0
317197.0
317943.0
318293.0
319006.0
319772.0
320507.0
321234.0
321998.0
322709.0
323068.0
323430.0
324199.0
324965.0
325732.0
326108.0
326856.0
327244.0
327998.0
328767.0
329446.0
330196.0
330937.0
331325.0
332072.0
332837.0
333217.0
333997.0
334718.0
335448.0
335822.0
336946.0
337338.0
338097.0
338802.0
339193.0
339939.0
340685.0
341426.0
342129.0
342508.0
343289.0
343673.0
344423.0
344789.0
345894.0
346272.0
346994.0
347718.0
348467.0
348846.0
349591.0
350363.0
350755.0
351492.0
352241.0
353002.0
353736.0
354113.0
354854.0
355232.0
355956.0
356696.0
357428.0
358185.0
358500.0
359249.0
359994.0
360743.0
361423.0
361776.0
362146.0
363260.0
363628.0
364743.0
365090.0
365473.0
366225.0
366962.0
367713.0
368448.0
368828.0
369578.0
370331.0
371093.0
371465.0
372194.0
372566.0
373336.0
374097.0
374825.0
375548.0
375934.0
376292.0
377006.0
377754.0
378506.0
379245.0
380013.0
380399.0
381155.0
381880.0
382640.0
383361.0
383737.0
384450.0
385198.0
385582.0
386307.0
387052.0
387789.0
388533.0
388925.0
389689.0
390453.0
391179.0
391558.0
392308.0
393071.0
393462.0
394213.0
394951.0
395698.0
396079.0
396838.0
397542.0
398289.0
399007.0
399388.0
400114.0
400855.0
401222.0
401953.0
403063.0
403434.0
404140.0
404894.0
405286.0
406047.0
406778.0
407148.0
408228.0
408590.0
409330.0
410056.0
410436.0
411176.0
411926.0
412683.0
413061.0
413806.0
414553.0
414929.0
415680.0
416448.0
417171.0
417920.0
418299.0
419008.0
419750.0
420126.0
420856.0
421620.0
421990.0
422715.0
423482.0
424222.0
424977.0
425712.0
426075.0
427103.0
427474.0
427848.0
428607.0
429360.0
429738.0
430471.0
431207.0
431957.0
432698.0
433064.0
434159.0
434542.0
435295.0
436020.0
436763.0
437116.0
437856.0
438228.0
438986.0
439755.0
440494.0
440882.0
441646.0
442415.0
443144.0
443520.0
444231.0
444995.0
445751.0
446136.0
446874.0
447631.0
448372.0
448745.0
449482.0
450231.0
450991.0
451366.0
452471.0
452852.0
453619.0
454008.0
454762.0
455527.0
456267.0
457007.0
457369.0
458101.0
458462.0
458806.0
459527.0
460277.0
461041.0
461805.0
462570.0
463351.0
463729.0
464485.0
465224.0
465967.0
466700.0
467055.0
467416.0
468180.0
469263.0
469645.0
470386.0
471132.0
471507.0
472255.0
473007.0
473372.0
474495.0
474840.0
475940.0
476327.0
476706.0
477469.0
478189.0
478913.0
479294.0
479655.0
480737.0
481127.0
481841.0
482618.0
482989.0
483750.0
484498.0
485251.0
486014.0
486364.0
487476.0
487837.0
488593.0
489295.0
489687.0
490450.0
490801.0
491517.0
492286.0
493044.0
493764.0
494138.0
494879.0
495616.0
495989.0
496673.0
497387.0
498141.0
498475.0
499193.0
