361.0
686.0
1057.0
1427.0
1788.0
2525.0
3269.0
3645.0
4419.0
4772.0
5505.0
6246.0
6997.0
7748.0
8118.0
8891.0
9663.0
10428.0
11163.0
11540.0
11918.0
12651.0
13434.0
13808.0
14566.0
15274.0
16010.0
16793.0
17161.0
18283.0
18662.0
19406.0
19778.0
20553.0
21318.0
21682.0
22794.0
23159.0
23909.0
24666.0
25046.0
25797.0
26518.0
26897.0
27625.0
28396.0
28768.0
29882.0
30648.0
31402.0
31766.0
32148.0
32927.0
33680.0
34456.0
35238.0
35608.0
36371.0
37123.0
37491.0
38197.0
38955.0
40042.0
40771.0
41143.0
41507.0
42263.0
43013.0
43365.0
44483.0
44825.0
45594.0
45968.0
46740.0
47508.0
47890.0
48642.0
49398.0
49773.0
50532.0
51292.0
52410.0
52769.0
53158.0
53511.0
54642.0
55359.0
56102.0
56465.0
57235.0
57994.0
58312.0
59063.0
59805.0
60174.0
60952.0
61703.0
62454.0
62814.0
63559.0
64298.0
65083.0
65834.0
66584.0
66937.0
67676.0
68070.0
68809.0
69580.0
70319.0
70709.0
71021.0
72167.0
72929.0
73693.0
74058.0
74420.0
75182.0
75949.0
77012.0
77762.0
78136.0
78854.0
79233.0
79965.0
80715.0
81084.0
82219.0
82582.0
83315.0
84066.0
84802.0
85193.0
85954.0
86721.0
87112.0
87459.0
88585.0
88956.0
89718.0
90494.0
90885.0
91631.0
92388.0
93113.0
93847.0
94197.0
94559.0
95652.0
96404.0
97158.0
97544.0
97918.0
98628.0
99710.0
100089.0
100835.0
101203.0
101940.0
102321.0
103427.0
104186.0
104562.0
104941.0
105672.0
106804.0
107571.0
108252.0
108616.0
109359.0
109725.0
110437.0
111195.0
111950.0
112336.0
113089.0
113461.0
114219.0
114979.0
115363.0
116524.0
116918.0
117698.0
118091.0
118855.0
119221.0
119951.0
120699.0
121446.0
122203.0
122954.0
123720.0
124092.0
124865.0
125569.0
126315.0
126681.0
127433.0
128159.0
128512.0
129270.0
129653.0
130806.0
131528.0
131903.0
132630.0
133382.0
134155.0
134536.0
134908.0
135618.0
136370.0
137113.0
137808.0
138562.0
139335.0
139687.0
140427.0
141164.0
141527.0
142280.0
143032.0
143778.0
144151.0
144508.0
145264.0
146025.0
146778.0
147540.0
147927.0
148697.0
149466.0
149834.0
150578.0
151352.0
151703.0
152439.0
153598.0
154286.0
154643.0
155387.0
155767.0
156492.0
157275.0
157626.0
158374.0
159100.0
159857.0
160606.0
160998.0
161784.0
162155.0
162897.0
163622.0
164398.0
165153.0
165539.0
165904.0
167041.0
167802.0
168186.0
169322.0
169699.0
170087.0
170842.0
171590.0
172338.0
173078.0
173439.0
174225.0
175356.0
175734.0
176486.0
176867.0
177604.0
177975.0
178716.0
179467.0
179848.0
180558.0
181697.0
182028.0
182758.0
183521.0
183864.0
184625.0
185373.0
185756.0
186513.0
187253.0
188025.0
188358.0
189476.0
189846.0
190598.0
190959.0
191724.0
192090.0
193232.0
193619.0
194352.0
195121.0
195485.0
196234.0
197003.0
197762.0
198143.0
198916.0
199293.0
199651.0
200718.0
201075.0
202138.0
202907.0
203290.0
204020.0
204384.0
205084.0
205842.0
206623.0
207365.0
207741.0
208481.0
209259.0
210011.0
210393.0
211164.0
211942.0
212694.0
213441.0
214193.0
214576.0
215348.0
215734.0
216496.0
217238.0
217596.0
218342.0
219079.0
219791.0
220521.0
221268.0
221628.0
222334.0
222707.0
223477.0
224249.0
224625.0
225364.0
226096.0
226816.0
227595.0
227959.0
228712.0
229475.0
229841.0
230584.0
231341.0
232055.0
232429.0
233194.0
233564.0
234322.0
235083.0
235871.0
236645.0
237026.0
237782.0
238522.0
238898.0
239657.0
240425.0
241198.0
241942.0
242330.0
243114.0
243856.0
244236.0
244994.0
245366.0
246101.0
246885.0
247634.0
248420.0
248781.0
249535.0
250279.0
251012.0
251750.0
252087.0
252864.0
253629.0
254398.0
254763.0
255537.0
256290.0
256670.0
257449.0
257828.0
258947.0
259676.0
260433.0
261179.0
261554.0
262324.0
263065.0
263444.0
264193.0
264561.0
265312.0
266064.0
266822.0
267209.0
267962.0
268717.0
269484.0
269875.0
270648.0
271392.0
271780.0
272533.0
273322.0
273692.0
274704.0
275089.0
275829.0
276533.0
276900.0
277625.0
277993.0
278762.0
279913.0
280295.0
281070.0
281812.0
282540.0
282910.0
283675.0
284052.0
284790.0
285547.0
286298.0
286675.0
287424.0
288184.0
288925.0
289717.0
290096.0
290450.0
291558.0
292304.0
292672.0
293423.0
293820.0
294904.0
295254.0
295604.0
296704.0
297448.0
297812.0
298173.0
298914.0
299660.0
300440.0
300828.0
301536.0
302260.0
303019.0
303396.0
304156.0
304520.0
305283.0
306056.0
306790.0
307534.0
308291.0
308674.0
309439.0
310206.0
310586.0
311708.0
312449.0
312813.0
313529.0
314279.0
315022.0
315408.0
315778.0
316516.0
317292.0
318040.0
318795.0
319180.0
320302.0
320669.0
321023.0
321764.0
322516.0
322903.0
323666.0
324389.0
325145.0
325918.0
326302.0
326637.0
327775.0
328536.0
328899.0
329606.0
330364.0
331133.0
331896.0
332650.0
333037.0
333403.0
334515.0
334895.0
335591.0
336352.0
337111.0
337871.0
338626.0
338993.0
339737.0
340511.0
341263.0
341644.0
342392.0
343160.0
343925.0
344275.0
345024.0
345396.0
346176.0
346935.0
347709.0
348050.0
348752.0
349126.0
349873.0
350226.0
350940.0
351714.0
352482.0
353221.0
353954.0
354315.0
355075.0
355834.0
356594.0
356977.0
357727.0
358097.0
358867.0
359627.0
360377.0
361121.0
361490.0
362239.0
362982.0
363363.0
364113.0
364899.0
365260.0
366041.0
366791.0
367147.0
368272.0
369017.0
369401.0
370154.0
370507.0
371275.0
372028.0
372800.0
373182.0
373940.0
374697.0
375799.0
376176.0
376927.0
377306.0
378025.0
378747.0
379493.0
379867.0
380633.0
380997.0
381751.0
382464.0
383230.0
383625.0
384384.0
385141.0
385868.0
386976.0
387339.0
388066.0
388441.0
389157.0
389917.0
390297.0
391061.0
391414.0
392140.0
392871.0
393656.0
394365.0
395109.0
395489.0
396272.0
396661.0
397390.0
398167.0
398548.0
399299.0
400066.0
400784.0
401569.0
401950.0
402704.0
403463.0
404199.0
404966.0
405708.0
406459.0
406823.0
407580.0
408356.0
408733.0
409463.0
410202.0
410965.0
411337.0
412079.0
412470.0
413245.0
414010.0
414744.0
415114.0
416255.0
416640.0
417413.0
417783.0
418490.0
419254.0
420013.0
420740.0
421123.0
421912.0
422676.0
423448.0
423844.0
424589.0
424964.0
425714.0
426410.0
427134.0
427498.0
428598.0
428964.0
429705.0
430481.0
431226.0
431601.0
431972.0
432729.0
433478.0
434534.0
434913.0
435652.0
436043.0
436788.0
437560.0
438299.0
438667.0
439446.0
440213.0
440937.0
441334.0
442085.0
442813.0
443540.0
443910.0
444650.0
445378.0
446130.0
446869.0
447606.0
447979.0
448686.0
449063.0
449828.0
450141.0
450899.0
452042.0
452414.0
453119.0
453902.0
454273.0
454979.0
455689.0
456077.0
456853.0
457593.0
458343.0
458702.0
459067.0
460201.0
460955.0
462017.0
462382.0
462757.0
463475.0
464212.0
464581.0
465718.0
466448.0
466827.0
467581.0
468284.0
468680.0
469050.0
469812.0
470566.0
471306.0
472063.0
472420.0
473171.0
473916.0
474290.0
475422.0
475798.0
476574.0
476958.0
477728.0
478490.0
479271.0
480037.0
480759.0
481156.0
481874.0
482267.0
483057.0
483425.0
484164.0
484911.0
485657.0
486416.0
486801.0
487536.0
487887.0
488601.0
489363.0
490115.0
490845.0
491621.0
491972.0
492723.0
493487.0
493857.0
494580.0
495373.0
496138.0
496516.0
497293.0
497676.0
498417.0
