341.0
779.0
1236.0
1566.0
1997.0
2469.0
2957.0
3462.0
3845.0
4284.0
4726.0
5206.0
5716.0
6083.0
6516.0
6956.0
7443.0
7813.0
8226.0
8693.0
9194.0
9663.0
10035.0
10465.0
10910.0
11373.0
11878.0
12385.0
12731.0
13176.0
13640.0
14111.0
14482.0
14910.0
15368.0
15842.0
16351.0
16695.0
17136.0
17582.0
18063.0
18429.0
18846.0
19303.0
19786.0
20147.0
20568.0
21033.0
21511.0
22024.0
22383.0
22813.0
23265.0
23745.0
24238.0
24608.0
25060.0
25517.0
26016.0
26355.0
26772.0
27253.0
27740.0
28065.0
28510.0
28980.0
29471.0
29803.0
30228.0
30691.0
31169.0
31545.0
31959.0
32451.0
32955.0
33323.0
33754.0
34206.0
34658.0
35135.0
35499.0
35930.0
36385.0
36867.0
37380.0
37864.0
38243.0
38667.0
39136.0
39609.0
40056.0
40430.0
40877.0
41350.0
41835.0
42325.0
42674.0
43105.0
43570.0
44050.0
44552.0
44893.0
45316.0
45783.0
46284.0
46654.0
47079.0
47516.0
48014.0
48385.0
48807.0
49255.0
49739.0
50235.0
50614.0
51048.0
51508.0
51987.0
52331.0
52751.0
53192.0
53663.0
54162.0
54535.0
54979.0
55424.0
55909.0
56404.0
56778.0
57219.0
57670.0
58157.0
58637.0
59013.0
59400.0
59866.0
60347.0
60846.0
61215.0
61661.0
62112.0
62590.0
62962.0
63390.0
63846.0
64314.0
64788.0
65289.0
65659.0
66079.0
66545.0
67040.0
67514.0
68008.0
68391.0
68826.0
69290.0
69758.0
70250.0
70601.0
71042.0
71497.0
71964.0
72438.0
72803.0
73218.0
73683.0
74166.0
74659.0
75009.0
75445.0
75910.0
76401.0
76757.0
77181.0
77648.0
78144.0
78645.0
78987.0
79427.0
79874.0
80362.0
80737.0
81165.0
81620.0
82110.0
82600.0
82982.0
83419.0
83886.0
84375.0
84886.0
85368.0
85729.0
86155.0
86624.0
87071.0
87417.0
87858.0
88315.0
88792.0
89161.0
89617.0
90064.0
90540.0
91029.0
91395.0
91839.0
92298.0
92782.0
93157.0
93601.0
94058.0
94533.0
95023.0
95501.0
95860.0
96303.0
96759.0
97250.0
97764.0
98133.0
98575.0
99034.0
99497.0
99860.0
100312.0
100777.0
101258.0
101765.0
102118.0
102574.0
103037.0
103521.0
104024.0
104351.0
104783.0
105232.0
105730.0
106228.0
106585.0
107019.0
107490.0
107979.0
108320.0
108711.0
109175.0
109660.0
110038.0
110484.0
110955.0
111443.0
111943.0
112326.0
112768.0
113224.0
113708.0
114221.0
114735.0
115104.0
115551.0
116019.0
116509.0
116885.0
117335.0
117774.0
118190.0
118670.0
119026.0
119463.0
119927.0
120399.0
120733.0
121172.0
121622.0
122068.0
122431.0
122877.0
123337.0
123826.0
124322.0
124821.0
125172.0
125616.0
126067.0
126548.0
127039.0
127404.0
127830.0
128294.0
128761.0
129113.0
129568.0
130034.0
130527.0
131030.0
131401.0
131833.0
132269.0
132755.0
133095.0
133537.0
133979.0
134457.0
134834.0
135244.0
135708.0
136159.0
136647.0
136994.0
137423.0
137890.0
138338.0
138838.0
139332.0
139676.0
140111.0
140598.0
141082.0
141575.0
141941.0
142390.0
142868.0
143357.0
143851.0
144238.0
144671.0
145139.0
145633.0
146128.0
146469.0
146886.0
147350.0
147827.0
148327.0
148702.0
149141.0
149579.0
150081.0
150575.0
150936.0
151382.0
151850.0
152329.0
152833.0
153215.0
153655.0
154102.0
154582.0
155092.0
155553.0
155913.0
156365.0
156821.0
157312.0
157810.0
158180.0
158597.0
159056.0
159547.0
160041.0
160532.0
160911.0
161330.0
161792.0
162278.0
162650.0
163100.0
163552.0
164019.0
164508.0
164872.0
165323.0
165796.0
166289.0
166768.0
167126.0
167542.0
168010.0
168505.0
169008.0
169493.0
169843.0
170291.0
170750.0
171212.0
171706.0
172077.0
172498.0
172955.0
173435.0
173935.0
174413.0
174776.0
175215.0
175699.0
176161.0
176644.0
177019.0
177454.0
177921.0
178388.0
178730.0
179156.0
179607.0
180060.0
180550.0
181054.0
181393.0
181836.0
182313.0
182787.0
183284.0
183656.0
184095.0
184554.0
185011.0
185477.0
185845.0
186283.0
186746.0
187229.0
187727.0
188095.0
188524.0
189003.0
189492.0
189856.0
190286.0
190744.0
191207.0
191683.0
192174.0
192513.0
192960.0
193425.0
193901.0
194392.0
194763.0
195195.0
195647.0
196132.0
196469.0
196884.0
197330.0
197809.0
198311.0
198686.0
199110.0
199575.0
200066.0
200558.0
201056.0
201419.0
201859.0
202328.0
202809.0
203303.0
203677.0
204082.0
204559.0
205043.0
205520.0
205895.0
206346.0
206792.0
207267.0
207754.0
208125.0
208561.0
209011.0
209485.0
209976.0
210350.0
210776.0
211233.0
211707.0
212078.0
212502.0
212955.0
213444.0
213932.0
214297.0
214716.0
215174.0
215652.0
216141.0
216647.0
217149.0
217521.0
217968.0
218417.0
218897.0
219359.0
219847.0
220211.0
220651.0
221092.0
221590.0
221953.0
222409.0
222874.0
223362.0
223862.0
224363.0
224727.0
225142.0
225623.0
226117.0
226590.0
226947.0
227396.0
227867.0
228327.0
228829.0
229200.0
229645.0
230103.0
230605.0
230947.0
231376.0
231831.0
232301.0
232763.0
233247.0
233614.0
234033.0
234508.0
235009.0
235346.0
235773.0
236225.0
236691.0
237201.0
237552.0
237967.0
238444.0
238891.0
239224.0
239659.0
240104.0
240569.0
241054.0
241417.0
241853.0
242311.0
242780.0
243269.0
243648.0
244095.0
244541.0
245028.0
245516.0
245857.0
246278.0
246737.0
247224.0
247725.0
248086.0
248525.0
248956.0
249438.0
249938.0
250299.0
250738.0
251185.0
251662.0
252159.0
252536.0
252977.0
253426.0
253894.0
254265.0
254695.0
255147.0
255608.0
255982.0
256412.0
256845.0
257329.0
257822.0
258166.0
258605.0
259073.0
259546.0
260041.0
260395.0
260807.0
261282.0
261761.0
262119.0
262563.0
263019.0
263492.0
263998.0
264494.0
264853.0
265272.0
265747.0
266227.0
266732.0
267102.0
267518.0
267978.0
268473.0
268967.0
269329.0
269753.0
270203.0
270698.0
271082.0
271495.0
271968.0
272463.0
272829.0
273252.0
273702.0
274174.0
274647.0
274983.0
275401.0
275870.0
276349.0
276851.0
277193.0
277611.0
278067.0
278571.0
279071.0
279433.0
279881.0
280342.0
280829.0
281192.0
281631.0
282083.0
282569.0
283068.0
283567.0
283947.0
284385.0
284848.0
285319.0
285681.0
286106.0
286581.0
287049.0
287559.0
287917.0
288337.0
288808.0
289308.0
289656.0
290088.0
290565.0
291045.0
291371.0
291802.0
292273.0
292743.0
293249.0
293609.0
294045.0
294511.0
294990.0
295499.0
295872.0
296293.0
296761.0
297235.0
297592.0
298021.0
298479.0
298947.0
299423.0
299790.0
300202.0
300672.0
301135.0
301645.0
302001.0
302442.0
302886.0
303382.0
303875.0
304228.0
304665.0
305143.0
305622.0
306107.0
306476.0
306910.0
307360.0
307866.0
308373.0
308730.0
309180.0
309636.0
310098.0
310596.0
310965.0
311396.0
311835.0
312322.0
312667.0
313112.0
313574.0
314046.0
314533.0
315025.0
315383.0
315829.0
316275.0
316755.0
317236.0
317582.0
318000.0
318469.0
318949.0
319446.0
319799.0
320227.0
320688.0
321167.0
321630.0
321980.0
322427.0
322879.0
323367.0
323736.0
324156.0
324619.0
324956.0
325393.0
325843.0
326309.0
326804.0
327170.0
327618.0
328080.0
328561.0
329040.0
329396.0
329846.0
330298.0
330749.0
331238.0
331744.0
332105.0
332529.0
333000.0
333501.0
333847.0
334289.0
334750.0
335248.0
335616.0
336046.0
336494.0
336974.0
337471.0
337829.0
338273.0
338745.0
339206.0
339713.0
340064.0
340513.0
340960.0
341438.0
341944.0
342294.0
342728.0
343195.0
343679.0
344049.0
344495.0
344950.0
345427.0
345786.0
346224.0
346687.0
347153.0
347509.0
347928.0
348412.0
348897.0
349255.0
349683.0
350137.0
350599.0
351090.0
351538.0
351897.0
352345.0
352806.0
353288.0
353780.0
354129.0
354572.0
355036.0
355516.0
356020.0
356383.0
356822.0
357283.0
357778.0
358142.0
358571.0
359031.0
359514.0
360024.0
360379.0
360818.0
361290.0
361769.0
362127.0
362558.0
363033.0
363524.0
364022.0
364353.0
364775.0
365237.0
365733.0
366087.0
366530.0
366983.0
367467.0
367942.0
368295.0
368729.0
369191.0
369659.0
370012.0
370450.0
370887.0
371371.0
371732.0
372149.0
372594.0
373069.0
373558.0
373895.0
374337.0
374795.0
375282.0
375778.0
376142.0
376583.0
377046.0
377528.0
378004.0
378372.0
378802.0
379252.0
379727.0
380204.0
380578.0
380992.0
381456.0
381947.0
382449.0
382822.0
383256.0
383711.0
384196.0
384702.0
385068.0
385497.0
385956.0
386405.0
386907.0
387275.0
387725.0
388182.0
388637.0
389000.0
389443.0
389906.0
390385.0
390759.0
391175.0
391638.0
392135.0
392623.0
392996.0
393441.0
393887.0
394359.0
394738.0
395164.0
395630.0
396118.0
396601.0
397091.0
397434.0
397872.0
398330.0
398810.0
399161.0
399596.0
400052.0
400484.0
400851.0
401301.0
401748.0
402209.0
402715.0
403190.0
403562.0
403999.0
404447.0
404918.0
405406.0
405762.0
406207.0
406668.0
407156.0
407656.0
408039.0
408460.0
408918.0
409409.0
409899.0
410257.0
410677.0
411144.0
411632.0
412132.0
412491.0
412943.0
413382.0
413876.0
414254.0
414677.0
415120.0
415603.0
416082.0
416440.0
416869.0
417333.0
417813.0
418185.0
418602.0
419062.0
419547.0
420043.0
420407.0
420832.0
421309.0
421787.0
422133.0
422571.0
423042.0
423505.0
424007.0
424364.0
424790.0
425244.0
425728.0
426228.0
426733.0
427098.0
427538.0
427992.0
428451.0
428809.0
429251.0
429710.0
430209.0
430710.0
431078.0
431517.0
431964.0
432453.0
432815.0
433237.0
433692.0
434153.0
434647.0
435138.0
435521.0
435961.0
436422.0
436904.0
437294.0
437729.0
438200.0
438686.0
439192.0
439678.0
440040.0
440498.0
440957.0
441456.0
441940.0
442311.0
442759.0
443225.0
443707.0
444212.0
444568.0
445000.0
445458.0
445935.0
446296.0
446728.0
447198.0
447659.0
448164.0
448527.0
448953.0
449415.0
449902.0
450401.0
450780.0
451235.0
451680.0
452154.0
452637.0
452983.0
453381.0
453842.0
454324.0
454703.0
455142.0
455578.0
456051.0
456560.0
456940.0
457382.0
457832.0
458300.0
458802.0
459168.0
459603.0
460084.0
460564.0
461082.0
461448.0
461897.0
462354.0
462814.0
463153.0
463579.0
464039.0
464508.0
464840.0
465261.0
465723.0
466195.0
466560.0
466989.0
467424.0
467891.0
468262.0
468684.0
469156.0
469640.0
470006.0
470458.0
470926.0
471404.0
471904.0
472273.0
472701.0
473158.0
473618.0
473954.0
474395.0
474857.0
475345.0
475836.0
476204.0
476625.0
477079.0
477552.0
478054.0
478424.0
478870.0
479317.0
479781.0
480150.0
480585.0
481024.0
481483.0
481950.0
482444.0
482800.0
483253.0
483717.0
484188.0
484555.0
485001.0
485438.0
485933.0
486441.0
486808.0
487255.0
487722.0
488188.0
488679.0
489172.0
489537.0
489974.0
490433.0
490923.0
491274.0
491723.0
492167.0
492631.0
492996.0
493439.0
493871.0
494364.0
494837.0
495204.0
495642.0
496108.0
496592.0
497083.0
497439.0
497897.0
498350.0
498843.0
