350.0
689.0
1053.0
1409.0
1772.0
2109.0
2453.0
2794.0
3149.0
3509.0
3855.0
4213.0
4566.0
4913.0
5249.0
5595.0
5928.0
6286.0
6638.0
7005.0
7358.0
7695.0
8054.0
8414.0
8754.0
9117.0
9475.0
9821.0
10165.0
10507.0
10874.0
11218.0
11565.0
11899.0
12253.0
12601.0
12954.0
13302.0
13668.0
14014.0
14367.0
14697.0
15040.0
15396.0
15765.0
16126.0
16465.0
16801.0
17157.0
17505.0
17862.0
18218.0
18577.0
18913.0
19265.0
19617.0
19955.0
20297.0
20646.0
20994.0
21346.0
21701.0
22035.0
22382.0
22727.0
23084.0
23444.0
23780.0
24115.0
24467.0
24813.0
25154.0
25515.0
25881.0
26232.0
26570.0
26920.0
27270.0
27598.0
27950.0
28295.0
28645.0
29003.0
29359.0
29687.0
30035.0
30386.0
30744.0
31096.0
31458.0
31815.0
32165.0
32517.0
32876.0
33231.0
33582.0
33933.0
34283.0
34631.0
34982.0
35312.0
35665.0
36008.0
36369.0
36716.0
37063.0
37413.0
37780.0
38124.0
38459.0
38804.0
39147.0
39494.0
39850.0
40189.0
40526.0
40866.0
41227.0
41572.0
41926.0
42249.0
42604.0
42939.0
43286.0
43619.0
43962.0
44302.0
44657.0
45005.0
45351.0
45698.0
46045.0
46408.0
46751.0
47104.0
47439.0
47768.0
48093.0
48456.0
48810.0
49156.0
49517.0
49875.0
50230.0
50556.0
50903.0
51257.0
51593.0
51937.0
52268.0
52608.0
52968.0
53315.0
53667.0
54028.0
54391.0
54738.0
55084.0
55429.0
55775.0
56122.0
56471.0
56827.0
57181.0
57516.0
57842.0
58185.0
58545.0
58890.0
59227.0
59571.0
59918.0
60262.0
60617.0
60963.0
61299.0
61653.0
61997.0
62344.0
62687.0
63053.0
63397.0
63735.0
64081.0
64442.0
64765.0
65109.0
65424.0
65788.0
66138.0
66484.0
66820.0
67171.0
67528.0
67891.0
68234.0
68583.0
68921.0
69271.0
69615.0
69971.0
70305.0
70659.0
71008.0
71345.0
71703.0
72041.0
72374.0
72739.0
73093.0
73429.0
73764.0
74108.0
74440.0
74800.0
75127.0
75488.0
75829.0
76158.0
76509.0
76859.0
77208.0
77537.0
77886.0
78224.0
78577.0
78926.0
79272.0
79626.0
79947.0
80298.0
80639.0
81001.0
81352.0
81711.0
82074.0
82411.0
82752.0
83117.0
83452.0
83801.0
84157.0
84510.0
84816.0
85170.0
85520.0
85862.0
86224.0
86588.0
86941.0
87286.0
87638.0
87990.0
88321.0
88663.0
89011.0
89361.0
89714.0
90058.0
90396.0
90761.0
91082.0
91429.0
91762.0
92117.0
92485.0
92837.0
93173.0
93507.0
93855.0
94191.0
94558.0
94896.0
95247.0
95608.0
95929.0
96279.0
96635.0
96980.0
97338.0
97681.0
98034.0
98382.0
98737.0
99080.0
99394.0
99710.0
100070.0
100424.0
100781.0
101147.0
101496.0
101842.0
102179.0
102537.0
102875.0
103214.0
103561.0
103910.0
104252.0
104586.0
104946.0
105277.0
105630.0
105985.0
106339.0
106688.0
107041.0
107394.0
107748.0
108069.0
108366.0
108717.0
109061.0
109413.0
109728.0
110078.0
110431.0
110793.0
111136.0
111507.0
111863.0
112218.0
112570.0
112919.0
113267.0
113622.0
113982.0
114337.0
114640.0
114983.0
115284.0
115632.0
115983.0
116311.0
116621.0
116974.0
117314.0
117663.0
118020.0
118355.0
118689.0
119036.0
119394.0
119724.0
120062.0
120417.0
120780.0
121138.0
121486.0
121831.0
122189.0
122536.0
122899.0
123221.0
123547.0
123890.0
124242.0
124564.0
124915.0
125255.0
125559.0
125926.0
126293.0
126636.0
126977.0
127332.0
127674.0
128036.0
128380.0
128730.0
129075.0
129417.0
129760.0
130119.0
130448.0
130788.0
131136.0
131491.0
131839.0
132192.0
132537.0
132888.0
133242.0
133604.0
133965.0
134313.0
134637.0
134983.0
135343.0
135691.0
136040.0
136384.0
136734.0
137081.0
137419.0
137749.0
138111.0
138460.0
138811.0
139162.0
139519.0
139867.0
140212.0
140557.0
140917.0
141278.0
141622.0
141982.0
142341.0
142698.0
143045.0
143374.0
143723.0
144056.0
144390.0
144720.0
145069.0
145403.0
145758.0
146117.0
146470.0
146833.0
147195.0
147542.0
147888.0
148205.0
148538.0
148893.0
149257.0
149617.0
149952.0
150291.0
150622.0
150977.0
151327.0
151685.0
152003.0
152336.0
152686.0
153018.0
153365.0
153697.0
154051.0
154403.0
154736.0
155060.0
155408.0
155770.0
156130.0
156481.0
156838.0
157193.0
157547.0
157891.0
158251.0
158612.0
158962.0
159325.0
159657.0
160016.0
160364.0
160698.0
161044.0
161405.0
161746.0
162099.0
162435.0
162799.0
163156.0
163492.0
163847.0
164210.0
164560.0
164893.0
165252.0
165604.0
165957.0
166301.0
166661.0
167009.0
167362.0
167721.0
168065.0
168411.0
168762.0
169110.0
169442.0
169793.0
170152.0
170506.0
170873.0
171228.0
171571.0
171910.0
172250.0
172597.0
172959.0
173300.0
173648.0
173987.0
174330.0
174679.0
175029.0
175360.0
175723.0
176089.0
176455.0
176800.0
177161.0
177499.0
177826.0
178152.0
178507.0
178850.0
179203.0
179532.0
179879.0
180227.0
180564.0
180912.0
181236.0
181598.0
181917.0
182266.0
182620.0
182948.0
183303.0
183630.0
183975.0
184299.0
184648.0
185007.0
185348.0
185703.0
186027.0
186373.0
186726.0
187082.0
187434.0
187781.0
188114.0
188469.0
188823.0
189166.0
189520.0
189876.0
190212.0
190555.0
190856.0
191204.0
191553.0
191904.0
192245.0
192600.0
192936.0
193285.0
193635.0
193990.0
194330.0
194651.0
195016.0
195360.0
195711.0
196024.0
196367.0
196717.0
197058.0
197411.0
197765.0
198102.0
198450.0
198805.0
199166.0
199506.0
199851.0
200207.0
200551.0
200897.0
201242.0
201604.0
201954.0
202294.0
202632.0
202989.0
203339.0
203689.0
204049.0
204413.0
204767.0
205091.0
205428.0
205782.0
206129.0
206490.0
206845.0
207133.0
207479.0
207830.0
208176.0
208519.0
208875.0
209227.0
209585.0
209932.0
210279.0
210640.0
210983.0
211343.0
211688.0
212030.0
212359.0
212694.0
213031.0
213388.0
213740.0
214086.0
214431.0
214770.0
215130.0
215478.0
215814.0
216170.0
216512.0
216877.0
217212.0
217562.0
217920.0
218255.0
218605.0
218939.0
219299.0
219649.0
219995.0
220352.0
220685.0
221019.0
221371.0
221711.0
222075.0
222415.0
222765.0
223093.0
223446.0
223799.0
224142.0
224501.0
224834.0
225183.0
225523.0
225872.0
226222.0
226565.0
226908.0
227261.0
227607.0
227959.0
228319.0
228663.0
229008.0
229363.0
229706.0
230071.0
230416.0
230763.0
231121.0
231474.0
231796.0
232152.0
232501.0
232802.0
233151.0
233496.0
233847.0
234209.0
234552.0
234896.0
235250.0
235595.0
235954.0
236302.0
236649.0
237008.0
237364.0
237731.0
238061.0
238394.0
238731.0
239089.0
239442.0
239801.0
240158.0
240490.0
240848.0
241191.0
241520.0
241874.0
242218.0
242549.0
242866.0
243226.0
243585.0
243932.0
244282.0
244622.0
244971.0
245323.0
245668.0
246031.0
246372.0
246722.0
247078.0
247419.0
247780.0
248141.0
248496.0
248839.0
249194.0
249519.0
249877.0
250240.0
250605.0
250967.0
251306.0
251676.0
252028.0
252394.0
252752.0
253102.0
253451.0
253809.0
254171.0
254542.0
254891.0
255241.0
255589.0
255935.0
256278.0
256637.0
256995.0
257355.0
257702.0
258033.0
258378.0
258714.0
259055.0
259399.0
259749.0
260087.0
260435.0
260797.0
261151.0
261492.0
261849.0
262201.0
262543.0
262886.0
263239.0
263575.0
263927.0
264291.0
264637.0
264980.0
265339.0
265683.0
266025.0
266376.0
266729.0
267062.0
267399.0
267745.0
268092.0
268450.0
268809.0
269152.0
269511.0
269862.0
270228.0
270585.0
270938.0
271281.0
271640.0
271967.0
272304.0
272656.0
273010.0
273342.0
273684.0
274037.0
274395.0
274727.0
275072.0
275419.0
275753.0
276077.0
276429.0
276780.0
277140.0
277494.0
277828.0
278177.0
278522.0
278855.0
279212.0
279569.0
279909.0
280248.0
280568.0
280924.0
281273.0
281637.0
281985.0
282335.0
282688.0
283030.0
283394.0
283746.0
284103.0
284444.0
284791.0
285155.0
285505.0
285861.0
286211.0
286544.0
286899.0
287262.0
287604.0
287957.0
288308.0
288639.0
288986.0
289335.0
289694.0
290033.0
290388.0
290736.0
291084.0
291438.0
291785.0
292142.0
292485.0
292822.0
293172.0
293513.0
293854.0
294199.0
294563.0
294879.0
295222.0
295557.0
295912.0
296262.0
296620.0
296974.0
297323.0
297659.0
298018.0
298353.0
298712.0
299062.0
299416.0
299771.0
300112.0
300459.0
300830.0
301171.0
301522.0
301838.0
302189.0
302535.0
302896.0
303243.0
303583.0
303930.0
304288.0
304654.0
305003.0
305335.0
305680.0
306028.0
306377.0
306733.0
307060.0
307422.0
307766.0
308126.0
308480.0
308817.0
309139.0
309472.0
309820.0
310154.0
310505.0
310871.0
311221.0
311575.0
311900.0
312247.0
312603.0
312968.0
313326.0
313677.0
314025.0
314375.0
314705.0
315057.0
315352.0
315690.0
316043.0
316396.0
316741.0
317094.0
317423.0
317780.0
318140.0
318465.0
318810.0
319176.0
319531.0
319876.0
320232.0
320585.0
320938.0
321281.0
321631.0
321996.0
322348.0
322686.0
323045.0
323392.0
323735.0
324061.0
324418.0
324741.0
325100.0
325462.0
325807.0
326174.0
326520.0
326855.0
327209.0
327540.0
327887.0
328230.0
328573.0
328927.0
329274.0
329637.0
329970.0
330304.0
330669.0
331018.0
331367.0
331714.0
332068.0
332418.0
332783.0
333147.0
333498.0
333826.0
334179.0
334546.0
334906.0
335266.0
335618.0
335975.0
336323.0
336661.0
337021.0
337363.0
337707.0
338058.0
338408.0
338758.0
339112.0
339458.0
339814.0
340165.0
340516.0
340881.0
341230.0
341559.0
341914.0
342275.0
342634.0
342975.0
343326.0
343657.0
343964.0
344307.0
344637.0
344982.0
345318.0
345675.0
346036.0
346358.0
346688.0
347033.0
347392.0
347721.0
348078.0
348390.0
348715.0
349053.0
349414.0
349761.0
350122.0
350454.0
350794.0
351145.0
351475.0
351832.0
352189.0
352513.0
352857.0
353203.0
353553.0
353911.0
354251.0
354600.0
354953.0
355295.0
355658.0
355997.0
356349.0
356686.0
357025.0
357369.0
357690.0
358038.0
358400.0
358754.0
359112.0
359443.0
359797.0
360161.0
360516.0
360859.0
361214.0
361542.0
361890.0
362214.0
362572.0
362922.0
363263.0
363619.0
363967.0
364313.0
364660.0
365022.0
365364.0
365734.0
366071.0
366415.0
366778.0
367138.0
367472.0
367826.0
368175.0
368519.0
368855.0
369207.0
369566.0
369913.0
370272.0
370621.0
370961.0
371267.0
371610.0
371954.0
372311.0
372670.0
373037.0
373378.0
373741.0
374066.0
374429.0
374770.0
375104.0
375456.0
375808.0
376168.0
376490.0
376839.0
377187.0
377525.0
377875.0
378221.0
378560.0
378913.0
379263.0
379626.0
379978.0
380319.0
380675.0
381010.0
381360.0
381717.0
382056.0
382371.0
382735.0
383089.0
383432.0
383795.0
384144.0
384474.0
384821.0
385177.0
385517.0
385870.0
386228.0
386584.0
386921.0
387273.0
387632.0
387972.0
388317.0
388675.0
389035.0
389374.0
389734.0
390082.0
390422.0
390744.0
391057.0
391396.0
391730.0
392085.0
392432.0
392790.0
393140.0
393457.0
393807.0
394153.0
394506.0
394854.0
395175.0
395523.0
395876.0
396214.0
396579.0
396938.0
397297.0
397661.0
398015.0
398365.0
398697.0
399061.0
399426.0
399782.0
400138.0
400500.0
400855.0
401191.0
401526.0
401884.0
402222.0
402557.0
402910.0
403252.0
403613.0
403944.0
404289.0
404626.0
404989.0
405319.0
405658.0
406021.0
406374.0
406731.0
407082.0
407434.0
407783.0
408136.0
408496.0
408856.0
409190.0
409548.0
409884.0
410235.0
410542.0
410885.0
411227.0
411568.0
411916.0
412273.0
412586.0
412896.0
413254.0
413611.0
413965.0
414299.0
414666.0
415014.0
415358.0
415698.0
416044.0
416389.0
416732.0
417074.0
417429.0
417763.0
418115.0
418483.0
418834.0
419153.0
419492.0
419812.0
420179.0
420528.0
420876.0
421222.0
421544.0
421857.0
422199.0
422556.0
422914.0
423281.0
423627.0
423973.0
424335.0
424675.0
425028.0
425377.0
425717.0
426066.0
426416.0
426751.0
427066.0
427412.0
427763.0
428090.0
428427.0
428780.0
429129.0
429475.0
429822.0
430164.0
430508.0
430846.0
431208.0
431539.0
431885.0
432240.0
432598.0
432941.0
433290.0
433642.0
433982.0
434334.0
434677.0
435033.0
435388.0
435720.0
436055.0
436406.0
436761.0
437113.0
437473.0
437841.0
438198.0
438536.0
438899.0
439257.0
439603.0
439952.0
440301.0
440650.0
441005.0
441304.0
441657.0
441999.0
442351.0
442672.0
443029.0
443351.0
443698.0
444050.0
444404.0
444749.0
445109.0
445469.0
445826.0
446183.0
446515.0
446837.0
447187.0
447514.0
447851.0
448197.0
448551.0
448902.0
449255.0
449618.0
449982.0
450322.0
450666.0
451001.0
451338.0
451689.0
452047.0
452397.0
452728.0
453080.0
453417.0
453787.0
454144.0
454488.0
454845.0
455200.0
455542.0
455883.0
456233.0
456593.0
456952.0
457300.0
457659.0
458003.0
458359.0
458700.0
459067.0
459409.0
459750.0
460111.0
460450.0
460809.0
461156.0
461510.0
461871.0
462217.0
462573.0
462899.0
463224.0
463581.0
463948.0
464289.0
464603.0
464959.0
465327.0
465666.0
466022.0
466359.0
466706.0
467059.0
467380.0
467727.0
468071.0
468423.0
468767.0
469128.0
469476.0
469833.0
470190.0
470545.0
470913.0
471264.0
471591.0
471948.0
472288.0
472632.0
472977.0
473306.0
473657.0
473991.0
474341.0
474687.0
475046.0
475420.0
475768.0
476131.0
476480.0
476834.0
477181.0
477512.0
477848.0
478183.0
478540.0
478887.0
479231.0
479561.0
479918.0
480253.0
480606.0
480959.0
481304.0
481643.0
481978.0
482332.0
482685.0
483026.0
483378.0
483732.0
484077.0
484413.0
484753.0
485101.0
485453.0
485799.0
486153.0
486499.0
486857.0
487216.0
487544.0
487902.0
488257.0
488625.0
488967.0
489307.0
489661.0
489998.0
490347.0
490698.0
491006.0
491342.0
491703.0
492052.0
492395.0
492755.0
493079.0
493434.0
493778.0
494106.0
494439.0
494797.0
495153.0
495509.0
495867.0
496193.0
496537.0
496895.0
497229.0
497579.0
497914.0
498257.0
