47.0
91.0
139.0
189.0
237.0
283.0
334.0
382.0
433.0
484.0
590.0
641.0
688.0
737.0
840.0
937.0
1041.0
1144.0
1296.0
1347.0
1400.0
1503.0
1607.0
1761.0
1863.0
1915.0
2012.0
2160.0
2210.0
2262.0
2363.0
2416.0
2466.0
2567.0
2668.0
2717.0
2818.0
2916.0
2963.0
3013.0
3170.0
3222.0
3326.0
3372.0
3420.0
3524.0
3573.0
3676.0
3778.0
3884.0
3982.0
4034.0
4135.0
4242.0
4401.0
4504.0
4556.0
4663.0
4716.0
4765.0
4813.0
4918.0
5129.0
5232.0
5281.0
5385.0
5433.0
5589.0
5640.0
5690.0
5794.0
5895.0
5942.0
6042.0
6197.0
6246.0
6292.0
6393.0
6446.0
6547.0
6643.0
6851.0
6902.0
6954.0
7053.0
7101.0
7254.0
7301.0
7352.0
7455.0
7550.0
7601.0
7703.0
7807.0
7910.0
7961.0
8065.0
8114.0
8210.0
8369.0
8420.0
8523.0
8625.0
8730.0
8782.0
8887.0
8993.0
9044.0
9149.0
9248.0
9348.0
9400.0
9450.0
9609.0
9711.0
9761.0
9917.0
9966.0
10071.0
10125.0
10225.0
10329.0
10382.0
10484.0
10532.0
10634.0
10738.0
10791.0
10945.0
10998.0
11150.0
11202.0
11308.0
11361.0
11521.0
11571.0
11624.0
11672.0
11775.0
11881.0
11983.0
12030.0
12133.0
12236.0
12339.0
12442.0
12546.0
12599.0
12645.0
12749.0
12850.0
12902.0
13113.0
13218.0
13316.0
13369.0
13474.0
13524.0
13627.0
13678.0
13778.0
13884.0
13983.0
14035.0
14087.0
14186.0
14292.0
14342.0
14439.0
14595.0
14647.0
14697.0
14858.0
14963.0
15013.0
15172.0
15223.0
15322.0
15430.0
15537.0
15587.0
15692.0
15846.0
15896.0
16001.0
16101.0
16147.0
16197.0
16298.0
16349.0
16454.0
16504.0
16606.0
16710.0
16764.0
16864.0
16968.0
17074.0
17229.0
17280.0
17434.0
17529.0
17576.0
17675.0
17776.0
17828.0
17930.0
17979.0
18030.0
18137.0
18187.0
18293.0
18398.0
18449.0
18552.0
18654.0
18758.0
18863.0
18962.0
19014.0
19117.0
19218.0
19325.0
19431.0
19532.0
19583.0
19635.0
19741.0
19893.0
19943.0
20045.0
20094.0
20144.0
20250.0
20354.0
20462.0
20509.0
20613.0
20714.0
20814.0
20920.0
20972.0
21077.0
21182.0
21281.0
21383.0
21436.0
21540.0
21643.0
21743.0
21790.0
21842.0
21941.0
21988.0
22144.0
22195.0
22300.0
22348.0
22441.0
22592.0
22646.0
22696.0
22848.0
22898.0
23002.0
23108.0
23161.0
23210.0
23306.0
23413.0
23517.0
23623.0
23671.0
23773.0
23930.0
23981.0
24084.0
24189.0
24292.0
24343.0
24444.0
24493.0
24597.0
24697.0
24749.0
24851.0
24954.0
25002.0
25103.0
25153.0
25307.0
25411.0
25462.0
25564.0
25667.0
25770.0
25874.0
25918.0
25968.0
26073.0
26220.0
26269.0
26374.0
26477.0
26576.0
26629.0
26733.0
26784.0
26884.0
26988.0
27040.0
27090.0
27193.0
27347.0
27396.0
27502.0
27554.0
27652.0
27758.0
27808.0
27962.0
28063.0
28115.0
28220.0
28327.0
28372.0
28472.0
28525.0
28677.0
28725.0
28828.0
28882.0
28985.0
29083.0
29189.0
29241.0
29345.0
29394.0
29498.0
29650.0
29755.0
29807.0
29909.0
30012.0
30112.0
30217.0
30318.0
30368.0
30472.0
30522.0
30626.0
30678.0
30778.0
30828.0
30879.0
30985.0
31036.0
31138.0
31238.0
31340.0
31501.0
31552.0
31656.0
31757.0
31862.0
31914.0
31963.0
32063.0
32166.0
32270.0
32376.0
32425.0
32583.0
32633.0
32735.0
32836.0
32886.0
32938.0
33088.0
33137.0
33186.0
33345.0
33447.0
33498.0
33603.0
33706.0
33809.0
33860.0
33907.0
34061.0
34112.0
34272.0
34323.0
34375.0
34473.0
34578.0
34627.0
34729.0
34779.0
34884.0
34985.0
35083.0
35133.0
35239.0
35291.0
35391.0
35551.0
35650.0
35747.0
35798.0
35849.0
35950.0
36003.0
36157.0
36262.0
36314.0
36415.0
36518.0
36570.0
36724.0
36775.0
36876.0
36976.0
37026.0
37181.0
37232.0
37282.0
37437.0
37538.0
37590.0
37695.0
37747.0
37850.0
37947.0
37998.0
38155.0
38260.0
38312.0
38363.0
38460.0
38565.0
38617.0
38772.0
38875.0
38982.0
39085.0
39135.0
39231.0
39281.0
39384.0
39437.0
39535.0
39689.0
39793.0
39845.0
39945.0
40047.0
40097.0
40148.0
40252.0
40301.0
40405.0
40508.0
40609.0
40712.0
40755.0
40803.0
40908.0
40961.0
41168.0
41217.0
41271.0
41370.0
41422.0
41580.0
41686.0
41738.0
41844.0
41895.0
42000.0
42105.0
42208.0
42311.0
42414.0
42467.0
42519.0
42623.0
42786.0
42893.0
42943.0
43040.0
43088.0
43189.0
43237.0
43343.0
43392.0
43443.0
43597.0
43646.0
43742.0
43844.0
43951.0
44000.0
44097.0
44201.0
44354.0
44405.0
44508.0
44609.0
44662.0
44765.0
44870.0
44917.0
45021.0
45123.0
45229.0
45279.0
45376.0
45475.0
45518.0
45567.0
45672.0
45821.0
45927.0
45971.0
46020.0
46171.0
46223.0
46323.0
46425.0
46528.0
46680.0
46731.0
46836.0
46936.0
47040.0
47091.0
47144.0
47195.0
47296.0
47344.0
47442.0
47493.0
47595.0
47751.0
47805.0
47962.0
48015.0
48068.0
48172.0
48384.0
48435.0
48489.0
48591.0
48643.0
48745.0
48896.0
48945.0
48994.0
49100.0
49153.0
49312.0
49364.0
