344.0
844.0
1402.0
1764.0
2291.0
2831.0
3379.0
3957.0
4316.0
4833.0
5355.0
5900.0
6476.0
6852.0
7381.0
7926.0
8482.0
9045.0
9420.0
9929.0
10481.0
11013.0
11552.0
12106.0
12472.0
12997.0
13532.0
14103.0
14474.0
15004.0
15551.0
16080.0
16634.0
17011.0
17528.0
18064.0
18612.0
19175.0
19539.0
20052.0
20604.0
21167.0
21742.0
22108.0
22628.0
23171.0
23749.0
24330.0
24700.0
25245.0
25785.0
26340.0
26897.0
27259.0
27782.0
28338.0
28906.0
29244.0
29778.0
30335.0
30910.0
31467.0
32039.0
32407.0
32937.0
33485.0
34061.0
34616.0
34991.0
35528.0
36086.0
36634.0
37212.0
37597.0
38096.0
38645.0
39181.0
39756.0
40337.0
40701.0
41217.0
41735.0
42306.0
42864.0
43223.0
43752.0
44301.0
44850.0
45410.0
45989.0
46349.0
46871.0
47432.0
47979.0
48320.0
48840.0
49371.0
49939.0
50514.0
50875.0
51404.0
51906.0
52444.0
52816.0
53338.0
53872.0
54431.0
54786.0
55297.0
55842.0
56398.0
56971.0
57550.0
57920.0
58455.0
58987.0
59548.0
60127.0
60669.0
61039.0
61527.0
62061.0
62643.0
63197.0
63576.0
64088.0
64622.0
65175.0
65764.0
66317.0
66666.0
67206.0
67759.0
68310.0
68832.0
69412.0
69787.0
70302.0
70846.0
71414.0
71987.0
72369.0
72873.0
73420.0
73957.0
74507.0
74866.0
75409.0
75950.0
76514.0
76876.0
77411.0
77962.0
78539.0
78895.0
79426.0
79953.0
80503.0
81098.0
81469.0
82006.0
82523.0
83078.0
83614.0
83988.0
84500.0
85047.0
85608.0
86170.0
86535.0
87073.0
87597.0
88158.0
88713.0
89292.0
89632.0
90153.0
90720.0
91282.0
91832.0
92211.0
92741.0
93273.0
93816.0
94376.0
94749.0
95262.0
95804.0
96358.0
96936.0
97504.0
97870.0
98359.0
98919.0
99487.0
100055.0
100411.0
100949.0
101497.0
102057.0
102638.0
103012.0
103537.0
104091.0
104632.0
105191.0
105767.0
106141.0
106625.0
107177.0
107741.0
108284.0
108664.0
109186.0
109713.0
110281.0
110850.0
111232.0
111761.0
112304.0
112868.0
113410.0
113792.0
114317.0
114862.0
115415.0
116002.0
116377.0
116884.0
117449.0
117988.0
118574.0
118941.0
119462.0
120002.0
120570.0
121108.0
121488.0
121999.0
122526.0
123065.0
123415.0
123939.0
124504.0
125066.0
125628.0
126000.0
126518.0
127063.0
127614.0
127992.0
128497.0
129030.0
129579.0
130135.0
130502.0
131027.0
131573.0
132116.0
132634.0
133015.0
133523.0
134078.0
134625.0
135004.0
135523.0
136022.0
136356.0
136869.0
137395.0
137932.0
138516.0
139088.0
139462.0
139973.0
140514.0
141080.0
141654.0
142022.0
142550.0
143066.0
143629.0
144186.0
144551.0
145081.0
145610.0
146175.0
146754.0
147134.0
147634.0
148190.0
148752.0
149327.0
149899.0
150284.0
150823.0
151375.0
151938.0
152484.0
152849.0
153385.0
153942.0
154507.0
154871.0
155382.0
155931.0
156502.0
157067.0
157644.0
158013.0
158536.0
159087.0
159641.0
160215.0
160595.0
161117.0
161676.0
162240.0
162791.0
163136.0
163668.0
164209.0
164775.0
165349.0
165731.0
166264.0
166814.0
167391.0
167761.0
168285.0
168826.0
169380.0
169758.0
170260.0
170793.0
171350.0
171921.0
172491.0
172865.0
173400.0
173935.0
174500.0
175073.0
175453.0
175980.0
176529.0
177069.0
177625.0
177997.0
178522.0
179058.0
179642.0
180232.0
180615.0
181142.0
181674.0
182227.0
182795.0
183155.0
183672.0
184212.0
184771.0
185136.0
185641.0
186184.0
186733.0
187113.0
187638.0
188162.0
188729.0
189308.0
189864.0
190231.0
190760.0
191301.0
191850.0
192187.0
192711.0
193236.0
193791.0
194363.0
194719.0
195246.0
195785.0
196323.0
196891.0
197266.0
197807.0
198345.0
198886.0
199450.0
199841.0
200370.0
200885.0
201460.0
202014.0
202359.0
202883.0
203433.0
203991.0
204569.0
204940.0
205472.0
206009.0
206352.0
206841.0
207392.0
207941.0
208524.0
209096.0
209471.0
209997.0
210535.0
211079.0
211419.0
211935.0
212475.0
213031.0
213615.0
214203.0
214549.0
215066.0
215603.0
216173.0
216747.0
217096.0
217621.0
218141.0
218693.0
219068.0
219579.0
220133.0
220671.0
221241.0
221620.0
222147.0
222691.0
223252.0
223798.0
224374.0
224758.0
225275.0
225815.0
226372.0
226950.0
227322.0
227852.0
228401.0
228958.0
229520.0
230079.0
230451.0
230992.0
231549.0
232106.0
232682.0
233062.0
233589.0
234129.0
234676.0
235242.0
235815.0
236158.0
236688.0
237241.0
237805.0
238381.0
238749.0
239268.0
239806.0
240364.0
240949.0
241314.0
241840.0
242401.0
242934.0
243502.0
243872.0
244405.0
244949.0
245475.0
246048.0
246605.0
247168.0
247512.0
248032.0
248550.0
249117.0
249693.0
250067.0
250586.0
251144.0
251716.0
252260.0
252803.0
253171.0
253679.0
254225.0
254784.0
255349.0
255730.0
256258.0
256802.0
257379.0
257962.0
258314.0
258836.0
259365.0
259930.0
260289.0
260819.0
261342.0
261913.0
262287.0
262801.0
263360.0
263908.0
264467.0
264845.0
265350.0
265899.0
266469.0
267043.0
267616.0
267962.0
268488.0
269044.0
269593.0
270174.0
270547.0
271064.0
271599.0
272165.0
272731.0
273086.0
273613.0
274143.0
274699.0
275253.0
275625.0
276143.0
276696.0
277234.0
277796.0
278148.0
278665.0
279202.0
279756.0
280121.0
280657.0
281190.0
281748.0
282328.0
282695.0
283222.0
283767.0
284304.0
284855.0
285226.0
285746.0
286296.0
286842.0
287430.0
287806.0
288333.0
288872.0
289433.0
290009.0
290579.0
290917.0
291454.0
291994.0
292574.0
292942.0
293470.0
294030.0
294586.0
295149.0
295535.0
296034.0
296581.0
297149.0
297731.0
298289.0
298647.0
299182.0
299739.0
300319.0
300704.0
301214.0
301766.0
302337.0
302707.0
303233.0
303787.0
304341.0
304721.0
305231.0
305766.0
306343.0
306897.0
307467.0
307837.0
308389.0
308917.0
309488.0
310055.0
310432.0
310939.0
311469.0
312014.0
312587.0
312976.0
313515.0
314057.0
314607.0
314974.0
315504.0
316036.0
316397.0
316925.0
317481.0
318052.0
318620.0
318994.0
319531.0
320080.0
320610.0
320957.0
321486.0
321998.0
322554.0
323104.0
323657.0
324032.0
324558.0
325117.0
325659.0
326022.0
326542.0
327074.0
327645.0
328188.0
328565.0
329095.0
329618.0
330162.0
330749.0
331327.0
331698.0
332217.0
332751.0
333295.0
333860.0
334230.0
334752.0
335295.0
335848.0
336228.0
336735.0
337265.0
337829.0
338383.0
338961.0
339341.0
339866.0
340417.0
340965.0
341523.0
342108.0
342473.0
342984.0
343528.0
344098.0
344656.0
345006.0
345529.0
346074.0
346625.0
347004.0
347545.0
348062.0
348592.0
348968.0
349490.0
350036.0
350601.0
351147.0
351507.0
352028.0
352558.0
353119.0
353676.0
354251.0
354618.0
355130.0
355674.0
356255.0
356823.0
357395.0
357975.0
358350.0
358875.0
359404.0
359938.0
360306.0
360830.0
361374.0
361921.0
362487.0
362858.0
363371.0
363919.0
364498.0
364840.0
365368.0
365914.0
366442.0
366814.0
367331.0
367870.0
368420.0
368999.0
369549.0
369932.0
370470.0
371025.0
371579.0
372134.0
372495.0
373032.0
373571.0
374132.0
374514.0
375033.0
375574.0
376156.0
376718.0
377100.0
377610.0
378131.0
378704.0
379079.0
379592.0
380093.0
380658.0
381241.0
381589.0
382101.0
382644.0
383214.0
383777.0
384156.0
384693.0
385236.0
385804.0
386352.0
386722.0
387237.0
387796.0
388370.0
388746.0
389266.0
389807.0
390378.0
390936.0
391511.0
391889.0
392390.0
392939.0
393499.0
393856.0
394381.0
394936.0
395506.0
396046.0
396415.0
396936.0
397468.0
398035.0
398399.0
398922.0
399476.0
400044.0
400622.0
400996.0
401531.0
402035.0
402596.0
403157.0
403532.0
404061.0
404616.0
405169.0
405743.0
406119.0
406633.0
407187.0
407739.0
408099.0
408624.0
409168.0
409714.0
410301.0
410679.0
411200.0
411756.0
412312.0
412862.0
413239.0
413759.0
414300.0
414828.0
415387.0
415961.0
416323.0
416852.0
417394.0
417967.0
418522.0
419099.0
419480.0
419984.0
420493.0
421045.0
421618.0
421998.0
422536.0
423047.0
423618.0
423994.0
424528.0
425074.0
425643.0
426213.0
426578.0
427089.0
427637.0
428200.0
428754.0
429123.0
429658.0
430207.0
430752.0
431302.0
431660.0
432172.0
432697.0
433248.0
433802.0
434177.0
434711.0
435190.0
435761.0
436329.0
436711.0
437240.0
437774.0
438317.0
438882.0
439254.0
439778.0
440338.0
440888.0
441466.0
442030.0
442387.0
442893.0
443446.0
444015.0
444570.0
444930.0
445467.0
445950.0
446533.0
446911.0
447449.0
447995.0
448523.0
449073.0
449435.0
449969.0
450507.0
451049.0
451416.0
451930.0
452475.0
453027.0
453572.0
454151.0
454513.0
455030.0
455575.0
456141.0
456527.0
457050.0
457596.0
458129.0
458701.0
459083.0
459613.0
460167.0
460741.0
461318.0
461702.0
462224.0
462773.0
463319.0
463705.0
464227.0
464751.0
465287.0
465871.0
466253.0
466737.0
467275.0
467842.0
468395.0
468725.0
469261.0
469788.0
470362.0
470939.0
471527.0
472097.0
472465.0
473010.0
473533.0
474103.0
474682.0
475064.0
475599.0
476144.0
476704.0
477074.0
477591.0
478130.0
478658.0
479023.0
479547.0
480071.0
480588.0
481151.0
481526.0
482058.0
482593.0
483171.0
483742.0
484082.0
484610.0
485154.0
485689.0
486067.0
486590.0
487121.0
487673.0
488238.0
488817.0
489395.0
489954.0
490329.0
490848.0
491409.0
491953.0
492323.0
492855.0
493393.0
493959.0
494538.0
495101.0
495482.0
496005.0
496554.0
497112.0
497685.0
498266.0
498600.0
