1082.0
2186.0
3258.0
4362.0
5139.0
5896.0
6647.0
7748.0
8506.0
9231.0
10319.0
11072.0
12161.0
13252.0
13655.0
14380.0
15478.0
16231.0
16954.0
17700.0
18782.0
19906.0
20658.0
21752.0
22522.0
23270.0
24388.0
25141.0
25908.0
26632.0
27718.0
28483.0
29246.0
30366.0
31115.0
31852.0
32951.0
34040.0
35116.0
35843.0
36619.0
37357.0
38123.0
38867.0
39974.0
40706.0
41096.0
42162.0
43284.0
44375.0
44773.0
45870.0
46625.0
47720.0
48452.0
49188.0
50279.0
51033.0
51796.0
52559.0
53637.0
54735.0
55508.0
56273.0
57021.0
58137.0
58882.0
59632.0
60740.0
61528.0
62285.0
63042.0
64139.0
65226.0
65963.0
66700.0
67796.0
68527.0
69284.0
70054.0
71190.0
71915.0
72685.0
73786.0
74911.0
75306.0
76047.0
76782.0
77874.0
78974.0
80100.0
80491.0
81605.0
82368.0
83121.0
83870.0
84967.0
85705.0
86431.0
87540.0
88654.0
89415.0
90177.0
90948.0
91693.0
92415.0
93517.0
94271.0
95379.0
96140.0
97265.0
98008.0
98765.0
99513.0
100278.0
101376.0
102137.0
102891.0
103992.0
104765.0
105545.0
106650.0
107395.0
108140.0
109205.0
110312.0
111062.0
111826.0
112589.0
113687.0
114787.0
115503.0
116233.0
116948.0
117679.0
118782.0
119540.0
120665.0
121433.0
122168.0
122935.0
124010.0
125108.0
125893.0
126652.0
127435.0
128529.0
129283.0
130367.0
131084.0
132164.0
132913.0
133664.0
134821.0
135557.0
136312.0
137030.0
138450.0
139204.0
139966.0
140717.0
141480.0
142579.0
143303.0
144410.0
145183.0
145948.0
146675.0
147794.0
148547.0
149261.0
149998.0
150751.0
151878.0
152647.0
153391.0
154508.0
155573.0
156331.0
157094.0
157840.0
158928.0
159677.0
160440.0
161547.0
162295.0
163418.0
164141.0
165221.0
165962.0
166741.0
167792.0
168550.0
168926.0
170366.0
171097.0
172191.0
172934.0
173673.0
174416.0
175190.0
175898.0
176990.0
177772.0
179178.0
179933.0
180684.0
181438.0
182204.0
183306.0
184013.0
184771.0
185869.0
186611.0
187372.0
188462.0
189221.0
189967.0
191103.0
192173.0
192917.0
193688.0
194734.0
195473.0
196219.0
196944.0
197682.0
198771.0
199514.0
200611.0
201380.0
202107.0
202836.0
203925.0
204678.0
205439.0
206511.0
207265.0
208337.0
208739.0
210192.0
210923.0
211680.0
212805.0
213548.0
214310.0
215443.0
216535.0
217280.0
218031.0
218804.0
219545.0
220654.0
221771.0
222523.0
223279.0
223649.0
225109.0
225858.0
226616.0
227353.0
228452.0
229198.0
230305.0
231057.0
231783.0
232865.0
233604.0
234343.0
235090.0
236203.0
236936.0
238074.0
238821.0
239942.0
240332.0
241020.0
242107.0
243178.0
243942.0
244332.0
245797.0
246548.0
247329.0
248420.0
249540.0
250299.0
251019.0
251403.0
252483.0
253228.0
254327.0
255065.0
255790.0
256888.0
257637.0
258763.0
259532.0
260285.0
261407.0
262142.0
262906.0
263650.0
264744.0
265509.0
266244.0
267345.0
268109.0
269217.0
269982.0
270728.0
271859.0
272595.0
273698.0
274447.0
275215.0
276324.0
276716.0
277821.0
278576.0
279306.0
280424.0
281161.0
282253.0
283029.0
283814.0
284958.0
285723.0
286466.0
287548.0
287930.0
289054.0
290160.0
290921.0
291299.0
292413.0
293856.0
294582.0
295363.0
296491.0
297217.0
297966.0
299047.0
299809.0
300510.0
301552.0
302334.0
303081.0
304198.0
304970.0
306053.0
306824.0
307577.0
308306.0
309073.0
310155.0
310920.0
311981.0
313083.0
313835.0
314596.0
315348.0
316109.0
317196.0
318254.0
319007.0
319773.0
320517.0
321268.0
321982.0
323416.0
324198.0
324974.0
326073.0
327218.0
327985.0
328740.0
329446.0
330184.0
331287.0
332068.0
333203.0
333972.0
334697.0
335799.0
336192.0
337321.0
338085.0
339164.0
339935.0
340672.0
341365.0
342502.0
343624.0
344741.0
345127.0
346233.0
346954.0
347681.0
348813.0
349567.0
350713.0
351444.0
352221.0
352966.0
354062.0
355165.0
355897.0
356639.0
357403.0
358446.0
359204.0
359951.0
360651.0
362067.0
362473.0
363569.0
363967.0
365412.0
366161.0
366925.0
367667.0
368767.0
369536.0
370288.0
371383.0
372503.0
373271.0
374022.0
374766.0
376189.0
376925.0
377690.0
378425.0
379189.0
380342.0
381080.0
381829.0
382555.0
383640.0
384382.0
385489.0
386227.0
386968.0
387716.0
388860.0
389623.0
390394.0
391493.0
392246.0
393367.0
394135.0
394877.0
395986.0
396713.0
397476.0
398195.0
399300.0
400024.0
401104.0
401854.0
402247.0
403323.0
404060.0
405207.0
405939.0
407006.0
407393.0
408492.0
409231.0
410324.0
411066.0
411841.0
412931.0
413709.0
414796.0
415578.0
416318.0
417077.0
418182.0
418900.0
420000.0
420748.0
421860.0
422605.0
423352.0
424113.0
424864.0
425943.0
426292.0
427723.0
428476.0
429577.0
430345.0
431095.0
431833.0
432924.0
433303.0
434426.0
435155.0
435907.0
436985.0
438096.0
438856.0
439611.0
440746.0
441516.0
442275.0
443350.0
444094.0
444864.0
445973.0
446716.0
447498.0
448584.0
449336.0
450097.0
451204.0
451593.0
452713.0
453844.0
454616.0
455379.0
456116.0
457189.0
458599.0
459355.0
460105.0
460875.0
461654.0
462433.0
463558.0
464314.0
465074.0
465797.0
467243.0
468002.0
468366.0
469476.0
470218.0
471335.0
472096.0
473197.0
473587.0
474661.0
475049.0
476521.0
477265.0
478028.0
479443.0
479838.0
480906.0
481677.0
482798.0
483549.0
484325.0
485078.0
486163.0
486564.0
487658.0
488398.0
489508.0
490601.0
491326.0
492095.0
492827.0
493924.0
494689.0
495737.0
496471.0
497193.0
498259.0
