541.0
1065.0
1694.0
2254.0
2784.0
3308.0
3982.0
4520.0
5055.0
5568.0
6229.0
6757.0
7277.0
7936.0
8465.0
9004.0
9529.0
10164.0
10669.0
11172.0
11705.0
12247.0
12892.0
13434.0
13943.0
14595.0
15134.0
15649.0
16178.0
16831.0
17360.0
17901.0
18553.0
19088.0
19607.0
20264.0
20790.0
21313.0
21843.0
22490.0
23015.0
23540.0
24079.0
24737.0
25280.0
25823.0
26484.0
27007.0
27537.0
28189.0
28732.0
29268.0
29919.0
30454.0
30994.0
31653.0
32195.0
32748.0
33409.0
33929.0
34424.0
34904.0
35575.0
36103.0
36639.0
37173.0
37649.0
38322.0
38847.0
39369.0
39882.0
40528.0
41062.0
41594.0
42107.0
42762.0
43294.0
43791.0
44321.0
44970.0
45505.0
46047.0
46722.0
47249.0
47784.0
48444.0
48952.0
49485.0
50003.0
50664.0
51210.0
51736.0
52385.0
52900.0
53408.0
53927.0
54598.0
55128.0
55654.0
56171.0
56840.0
57352.0
57882.0
58386.0
59057.0
59554.0
60079.0
60607.0
61260.0
61784.0
62301.0
62970.0
63500.0
64008.0
64505.0
65038.0
65678.0
66202.0
66750.0
67222.0
67747.0
68414.0
68960.0
69449.0
69972.0
70620.0
71155.0
71676.0
72153.0
72801.0
73345.0
73874.0
74388.0
75030.0
75573.0
76109.0
76768.0
77289.0
77838.0
78372.0
79012.0
79545.0
80061.0
80739.0
81252.0
81787.0
82312.0
82964.0
83505.0
84058.0
84588.0
85090.0
85732.0
86269.0
86766.0
87417.0
87959.0
88481.0
89136.0
89679.0
90204.0
90720.0
91380.0
91915.0
92456.0
93139.0
93671.0
94198.0
94695.0
95194.0
95845.0
96383.0
96922.0
97456.0
98121.0
98646.0
99159.0
99829.0
100381.0
100918.0
101445.0
102099.0
102653.0
103181.0
103696.0
104344.0
104865.0
105397.0
105898.0
106546.0
107080.0
107607.0
108276.0
108778.0
109327.0
109982.0
110532.0
111065.0
111601.0
112287.0
112829.0
113345.0
113872.0
114399.0
115068.0
115604.0
116138.0
116808.0
117331.0
117778.0
118296.0
118969.0
119497.0
120024.0
120667.0
121206.0
121695.0
122357.0
122894.0
123432.0
123959.0
124460.0
125112.0
125657.0
126156.0
126681.0
127320.0
127864.0
128401.0
129055.0
129596.0
130138.0
130662.0
131320.0
131844.0
132367.0
133002.0
133543.0
134059.0
134722.0
135239.0
135715.0
136254.0
136908.0
137427.0
137908.0
138432.0
138948.0
139600.0
140151.0
140667.0
141186.0
141859.0
142401.0
142925.0
143451.0
144133.0
144671.0
145192.0
145718.0
146325.0
146859.0
147390.0
147907.0
148582.0
149102.0
149640.0
150176.0
150822.0
151351.0
151886.0
152416.0
153088.0
153634.0
154158.0
154677.0
155153.0
155802.0
156335.0
156866.0
157399.0
158035.0
158579.0
159094.0
159594.0
160120.0
160775.0
161306.0
161831.0
162516.0
163054.0
163560.0
164100.0
164758.0
165292.0
165826.0
166329.0
166983.0
167517.0
168041.0
168564.0
169077.0
169711.0
170242.0
170726.0
171242.0
171894.0
172408.0
172942.0
173479.0
173980.0
174633.0
175186.0
175724.0
176193.0
176855.0
177385.0
177901.0
178567.0
179098.0
179545.0
180079.0
180600.0
181242.0
181789.0
182318.0
182824.0
183474.0
184009.0
184490.0
185015.0
185670.0
186194.0
186727.0
187255.0
187916.0
188466.0
188986.0
189628.0
190166.0
190686.0
191174.0
191684.0
192338.0
192871.0
193369.0
193892.0
194562.0
195096.0
195622.0
196257.0
196770.0
197299.0
197811.0
198491.0
199017.0
199558.0
200076.0
200570.0
201223.0
201759.0
202284.0
202794.0
203461.0
203973.0
204508.0
205018.0
205684.0
206205.0
206711.0
207248.0
207889.0
208447.0
208938.0
209448.0
210118.0
210654.0
211169.0
211834.0
212331.0
212872.0
213401.0
214032.0
214576.0
215106.0
215594.0
216112.0
216630.0
217290.0
217834.0
218334.0
218809.0
219322.0
219960.0
220510.0
221048.0
221717.0
222258.0
222792.0
223308.0
223821.0
224474.0
225016.0
225555.0
226068.0
226708.0
227246.0
227719.0
228255.0
228944.0
229498.0
230039.0
230677.0
231206.0
231729.0
232207.0
232679.0
233341.0
233884.0
234432.0
235090.0
235594.0
236099.0
236619.0
237279.0
237815.0
238294.0
238944.0
239456.0
239950.0
240466.0
241139.0
241683.0
242180.0
242683.0
243357.0
243908.0
244410.0
244927.0
245548.0
246066.0
246610.0
247137.0
247805.0
248282.0
248814.0
249338.0
250008.0
250529.0
251048.0
251586.0
252245.0
252777.0
253300.0
253974.0
254491.0
255004.0
255668.0
256181.0
256707.0
257235.0
257884.0
258430.0
258925.0
259435.0
260076.0
260609.0
261128.0
261800.0
262330.0
262853.0
263384.0
263883.0
264514.0
265054.0
265594.0
266114.0
266775.0
267301.0
267835.0
268334.0
269011.0
269546.0
270076.0
270738.0
271266.0
271815.0
272483.0
273006.0
273506.0
274007.0
274647.0
275181.0
275689.0
276224.0
276864.0
277382.0
277911.0
278436.0
279087.0
279635.0
280186.0
280851.0
281384.0
281900.0
282406.0
282940.0
283611.0
284124.0
284644.0
285315.0
285864.0
286400.0
286920.0
287560.0
288094.0
288636.0
289293.0
289841.0
290362.0
290978.0
291537.0
292071.0
292574.0
293222.0
293758.0
294292.0
294819.0
295491.0
296030.0
296562.0
297206.0
297753.0
298247.0
298756.0
299420.0
299932.0
300428.0
300955.0
301607.0
302144.0
302673.0
303195.0
303849.0
304385.0
304912.0
305416.0
306085.0
306622.0
307160.0
307682.0
308350.0
308854.0
309375.0
309910.0
310550.0
311089.0
311613.0
312247.0
312773.0
313300.0
313811.0
314331.0
314968.0
315509.0
316032.0
316538.0
317160.0
317681.0
318195.0
318723.0
319368.0
319919.0
320452.0
320936.0
321578.0
322123.0
322653.0
323299.0
323833.0
324511.0
325035.0
325569.0
326094.0
326731.0
327284.0
327800.0
328311.0
328970.0
329468.0
329959.0
330494.0
331022.0
331668.0
332219.0
332759.0
333413.0
333958.0
334492.0
335162.0
335692.0
336203.0
336723.0
337389.0
337934.0
338429.0
338953.0
339588.0
340107.0
340635.0
341169.0
341829.0
342372.0
342912.0
343594.0
344123.0
344645.0
345309.0
345855.0
346375.0
347043.0
347583.0
348110.0
348749.0
349273.0
349783.0
350305.0
350810.0
351452.0
351981.0
352501.0
352986.0
353649.0
354182.0
354726.0
355247.0
355913.0
356453.0
356981.0
357636.0
358176.0
358711.0
359231.0
359902.0
360439.0
360963.0
361637.0
362177.0
362715.0
363237.0
363868.0
364387.0
364927.0
365590.0
366126.0
366640.0
367142.0
367790.0
368321.0
368841.0
369512.0
370029.0
370559.0
371212.0
371717.0
372254.0
372747.0
373376.0
373902.0
374428.0
374962.0
375637.0
376170.0
376691.0
377202.0
377812.0
378332.0
378863.0
379395.0
380048.0
380565.0
381098.0
381616.0
382293.0
382795.0
383334.0
383871.0
384518.0
385036.0
385553.0
386077.0
386747.0
387264.0
387801.0
388458.0
389004.0
389538.0
390218.0
390749.0
391269.0
391790.0
392458.0
392987.0
393510.0
394160.0
394698.0
395241.0
395732.0
396234.0
396899.0
397411.0
397939.0
398591.0
399125.0
399619.0
400277.0
400792.0
401328.0
401848.0
402338.0
402982.0
403495.0
404029.0
404550.0
405195.0
405737.0
406258.0
406793.0
407449.0
407976.0
408501.0
409016.0
409690.0
410224.0
410755.0
411249.0
411922.0
412456.0
412986.0
413658.0
414179.0
414705.0
415209.0
415875.0
416384.0
416909.0
417564.0
418098.0
418631.0
419153.0
419824.0
420357.0
420860.0
421517.0
422065.0
422587.0
423110.0
423761.0
424296.0
424821.0
425318.0
425836.0
426485.0
427026.0
427546.0
428180.0
428737.0
429276.0
429791.0
430460.0
430987.0
431520.0
432170.0
432687.0
433208.0
433718.0
434222.0
434904.0
435439.0
435972.0
436661.0
437197.0
437736.0
438267.0
438779.0
439431.0
439976.0
440506.0
441019.0
441679.0
442232.0
442746.0
443286.0
443907.0
444439.0
444969.0
445618.0
446166.0
446694.0
447218.0
447875.0
448405.0
448938.0
449456.0
450126.0
450656.0
451171.0
451672.0
452323.0
452829.0
453359.0
454014.0
454530.0
455045.0
455605.0
456253.0
456776.0
457299.0
457838.0
458488.0
459048.0
459586.0
460121.0
460760.0
461297.0
461796.0
462455.0
462993.0
463510.0
464152.0
464698.0
465223.0
465863.0
466404.0
466883.0
467556.0
468104.0
468627.0
469314.0
469857.0
470394.0
470921.0
471573.0
472100.0
472606.0
473244.0
473780.0
474339.0
474853.0
475509.0
476013.0
476539.0
477063.0
477722.0
478247.0
478758.0
479434.0
479944.0
480415.0
480946.0
481462.0
482104.0
482650.0
483173.0
483842.0
484392.0
484911.0
485441.0
486084.0
486635.0
487160.0
487669.0
488169.0
488831.0
489348.0
489887.0
490554.0
491077.0
491598.0
492265.0
492798.0
493330.0
493816.0
494481.0
495020.0
495564.0
496067.0
496735.0
497263.0
497801.0
