654.0
1303.0
1959.0
2857.0
3499.0
4161.0
4778.0
5423.0
6061.0
6945.0
7570.0
8437.0
9063.0
9733.0
10604.0
11237.0
11859.0
12482.0
13373.0
14018.0
14657.0
15293.0
16202.0
16826.0
17485.0
18132.0
19024.0
19665.0
20585.0
21214.0
21859.0
22749.0
23412.0
24046.0
24654.0
25529.0
26171.0
26820.0
27724.0
28344.0
28998.0
29655.0
30553.0
31198.0
31852.0
32467.0
33338.0
33985.0
34621.0
35275.0
36180.0
36793.0
37463.0
38332.0
38971.0
39615.0
40229.0
41080.0
41713.0
42372.0
43248.0
43893.0
44546.0
45194.0
46092.0
46750.0
47400.0
48029.0
48954.0
49572.0
50225.0
51077.0
51748.0
52397.0
53255.0
53913.0
54580.0
55223.0
55837.0
56438.0
57346.0
57956.0
58614.0
59492.0
60146.0
61035.0
61691.0
62348.0
63249.0
63880.0
64543.0
65185.0
66095.0
66733.0
67383.0
68031.0
68903.0
69549.0
70212.0
71127.0
71789.0
72439.0
73302.0
73967.0
74608.0
75474.0
76121.0
76752.0
77406.0
78299.0
78936.0
79596.0
80252.0
81147.0
81788.0
82434.0
83306.0
83951.0
84609.0
85225.0
86076.0
86744.0
87391.0
88302.0
88943.0
89580.0
90213.0
91099.0
91751.0
92402.0
93028.0
93923.0
94581.0
95209.0
96113.0
96786.0
97424.0
98088.0
98995.0
99654.0
100297.0
101185.0
101838.0
102486.0
103395.0
104048.0
104696.0
105579.0
106222.0
106877.0
107783.0
108453.0
109090.0
109974.0
110622.0
111284.0
111909.0
112805.0
113454.0
114121.0
115015.0
115647.0
116323.0
117211.0
117862.0
118518.0
119168.0
120075.0
120711.0
121374.0
122011.0
122883.0
123502.0
124160.0
125037.0
125689.0
126328.0
126968.0
127846.0
128439.0
129051.0
129709.0
130609.0
131260.0
131925.0
132856.0
133490.0
134117.0
134996.0
135669.0
136337.0
137251.0
137876.0
138535.0
139435.0
140095.0
140763.0
141648.0
142293.0
142913.0
143821.0
144475.0
145143.0
145781.0
146690.0
147354.0
147988.0
148628.0
149531.0
150124.0
150763.0
151665.0
152329.0
152971.0
153621.0
154488.0
155146.0
155791.0
156452.0
157363.0
158030.0
158658.0
159564.0
160226.0
160874.0
161527.0
162164.0
163052.0
163695.0
164339.0
165000.0
165913.0
166561.0
167211.0
168116.0
168764.0
169419.0
170048.0
170679.0
171578.0
172211.0
172864.0
173486.0
174365.0
175019.0
175650.0
176542.0
177205.0
177851.0
178479.0
179355.0
180008.0
180642.0
181284.0
182184.0
182833.0
183499.0
184403.0
185052.0
185944.0
186597.0
187242.0
187896.0
188554.0
189460.0
190071.0
190725.0
191617.0
192255.0
192869.0
193483.0
194103.0
195030.0
195711.0
196339.0
197203.0
197839.0
198474.0
199112.0
200020.0
200674.0
201322.0
201943.0
202834.0
203473.0
204148.0
204814.0
205725.0
206374.0
207028.0
207665.0
208534.0
209173.0
209818.0
210467.0
211384.0
212046.0
212704.0
213593.0
214254.0
214916.0
215530.0
216413.0
217059.0
217707.0
218598.0
219249.0
219898.0
220528.0
221394.0
222024.0
222674.0
223309.0
224194.0
224826.0
225478.0
226360.0
227004.0
227659.0
228326.0
229207.0
229863.0
230451.0
231321.0
231979.0
232633.0
233527.0
234160.0
234807.0
235445.0
236344.0
236970.0
237634.0
238237.0
239151.0
239806.0
240447.0
241353.0
241996.0
242606.0
243242.0
244143.0
244802.0
245476.0
246117.0
246995.0
247661.0
248312.0
249196.0
249824.0
250490.0
251361.0
252003.0
252644.0
253291.0
254191.0
254839.0
255497.0
256142.0
257025.0
257675.0
258577.0
259234.0
259884.0
260519.0
261418.0
262034.0
262678.0
263299.0
264194.0
264852.0
265505.0
266413.0
267056.0
267695.0
268583.0
269219.0
269870.0
270512.0
271381.0
272019.0
272652.0
273305.0
274199.0
274846.0
275503.0
276395.0
277053.0
277702.0
278306.0
279196.0
279828.0
280480.0
281359.0
282033.0
282689.0
283583.0
284244.0
284886.0
285514.0
286131.0
287000.0
287667.0
288316.0
288927.0
289808.0
290457.0
291350.0
292006.0
292667.0
293306.0
293962.0
294577.0
295465.0
296139.0
296756.0
297407.0
298277.0
298913.0
299575.0
300190.0
300817.0
301722.0
302377.0
303038.0
303906.0
304564.0
305213.0
306108.0
306741.0
307608.0
308270.0
308922.0
309557.0
310169.0
311025.0
311667.0
312313.0
312979.0
313846.0
314498.0
315088.0
316009.0
316657.0
317302.0
318195.0
318859.0
319507.0
320146.0
321037.0
321677.0
322331.0
323240.0
323865.0
324526.0
325423.0
326092.0
326743.0
327662.0
328303.0
328929.0
329833.0
330480.0
331109.0
331991.0
332633.0
333265.0
333906.0
334799.0
335448.0
336104.0
336726.0
337637.0
338296.0
338944.0
339831.0
340480.0
341112.0
341764.0
342668.0
343347.0
344021.0
344914.0
345581.0
346192.0
347097.0
347782.0
348438.0
349092.0
349728.0
350592.0
351254.0
351915.0
352544.0
353441.0
354102.0
354755.0
355642.0
356264.0
356928.0
357563.0
358446.0
359109.0
359756.0
360667.0
361310.0
362203.0
362823.0
363488.0
364124.0
365010.0
365667.0
366305.0
366946.0
367829.0
368481.0
369127.0
370033.0
370690.0
371318.0
372202.0
372847.0
373472.0
374117.0
374999.0
375615.0
376243.0
376872.0
377703.0
378341.0
378992.0
379630.0
380502.0
381129.0
381782.0
382683.0
383320.0
383989.0
384888.0
385524.0
386184.0
386820.0
387715.0
388339.0
388986.0
389606.0
390492.0
391126.0
391755.0
392365.0
393012.0
393929.0
394600.0
395250.0
396138.0
396797.0
397442.0
398079.0
398984.0
399635.0
400272.0
401165.0
401826.0
402486.0
403137.0
404017.0
404661.0
405286.0
406161.0
406822.0
407478.0
408091.0
408958.0
409569.0
410223.0
410873.0
411786.0
412399.0
413029.0
413916.0
414549.0
415168.0
416073.0
416733.0
417346.0
418018.0
418907.0
419563.0
420211.0
420873.0
421761.0
422381.0
423020.0
423675.0
424520.0
425171.0
425821.0
426744.0
427400.0
428061.0
428983.0
429636.0
430270.0
430910.0
431801.0
432430.0
433074.0
433675.0
434561.0
435183.0
435828.0
436722.0
437361.0
438032.0
438661.0
439557.0
440164.0
440822.0
441443.0
442349.0
442988.0
443622.0
444271.0
445171.0
445821.0
446476.0
447392.0
447990.0
448656.0
449295.0
450189.0
450856.0
451497.0
452111.0
452998.0
453642.0
454270.0
455188.0
455835.0
456483.0
457127.0
457999.0
458653.0
459319.0
459963.0
460587.0
461463.0
462115.0
462724.0
463365.0
464256.0
464880.0
465544.0
466175.0
467081.0
467696.0
468350.0
469233.0
469897.0
470555.0
471207.0
472102.0
472783.0
473432.0
474058.0
474945.0
475584.0
476214.0
476866.0
477765.0
478401.0
479041.0
479685.0
480552.0
481188.0
481835.0
482736.0
483400.0
484001.0
484648.0
485565.0
486169.0
486833.0
487478.0
488097.0
488705.0
489581.0
490233.0
490892.0
491538.0
492412.0
493042.0
493681.0
494325.0
495231.0
495883.0
496499.0
497136.0
497786.0
