3151.0
5720.0
6815.0
7946.0
9054.0
10542.0
11702.0
12110.0
12893.0
13641.0
14403.0
15161.0
16641.0
17747.0
18517.0
18903.0
20031.0
21161.0
22277.0
23355.0
23769.0
24145.0
25629.0
26431.0
27193.0
28340.0
29092.0
30227.0
30639.0
31409.0
32179.0
33306.0
34790.0
35195.0
35976.0
36724.0
37127.0
38601.0
39711.0
40487.0
40887.0
42411.0
43938.0
44713.0
45436.0
45837.0
46585.0
47342.0
48460.0
49936.0
50660.0
51063.0
51834.0
52986.0
54496.0
55258.0
55645.0
56402.0
57530.0
58310.0
59083.0
60234.0
61367.0
62123.0
63647.0
64448.0
64842.0
65615.0
66758.0
67880.0
68271.0
69014.0
69770.0
70511.0
71263.0
72757.0
73160.0
74275.0
75398.0
76878.0
77271.0
77641.0
78408.0
79559.0
80332.0
81461.0
81832.0
82590.0
83350.0
84451.0
86698.0
87091.0
88199.0
89314.0
89701.0
90464.0
90829.0
92352.0
93134.0
93886.0
94672.0
95441.0
97672.0
98062.0
99140.0
99909.0
100658.0
101784.0
102878.0
103656.0
104053.0
104443.0
105179.0
106266.0
107709.0
108893.0
109654.0
110055.0
111192.0
111969.0
112723.0
113459.0
114227.0
114998.0
116520.0
117287.0
117684.0
118817.0
119601.0
120369.0
121512.0
121899.0
123053.0
124204.0
124972.0
126119.0
126512.0
127643.0
128422.0
129170.0
129943.0
131816.0
132931.0
133683.0
134441.0
134831.0
135595.0
136734.0
137873.0
138647.0
139403.0
140532.0
141269.0
142430.0
142817.0
143961.0
144729.0
145480.0
146937.0
147704.0
148821.0
149612.0
150002.0
150765.0
151926.0
152694.0
153072.0
153836.0
155365.0
156111.0
156908.0
157668.0
158445.0
159913.0
161047.0
162533.0
163285.0
164088.0
164466.0
165238.0
166004.0
166409.0
167505.0
169019.0
169774.0
170561.0
171327.0
172829.0
173910.0
174658.0
175068.0
176223.0
176616.0
178115.0
179247.0
180022.0
180428.0
181189.0
181939.0
182728.0
184188.0
184932.0
186399.0
186770.0
187534.0
187939.0
189036.0
190564.0
191321.0
192079.0
192830.0
193968.0
194355.0
195856.0
196595.0
197727.0
198103.0
198890.0
200005.0
200762.0
201530.0
202668.0
203420.0
203812.0
205300.0
206066.0
206812.0
207959.0
208694.0
209480.0
210613.0
211768.0
212528.0
213680.0
214451.0
215209.0
215964.0
217468.0
218203.0
218982.0
219761.0
220533.0
222004.0
223155.0
223917.0
224656.0
225789.0
226146.0
227290.0
228091.0
228494.0
229245.0
230015.0
230403.0
231866.0
233011.0
233381.0
234519.0
236014.0
237125.0
238276.0
239050.0
239806.0
240578.0
242038.0
243162.0
243561.0
243935.0
244680.0
245425.0
246199.0
246923.0
247972.0
249110.0
249497.0
250631.0
252029.0
253150.0
253544.0
253944.0
255466.0
256203.0
256979.0
257721.0
258482.0
259267.0
260039.0
261143.0
262294.0
263066.0
263825.0
264224.0
264989.0
266488.0
267605.0
268768.0
269517.0
270288.0
271407.0
272163.0
273331.0
274110.0
275220.0
275614.0
276364.0
277162.0
278240.0
279017.0
279776.0
281298.0
282073.0
283226.0
283971.0
284364.0
285515.0
285914.0
287006.0
287767.0
288151.0
289272.0
290761.0
291881.0
293013.0
293744.0
294511.0
294882.0
295630.0
297125.0
297868.0
298261.0
299756.0
300541.0
301325.0
302085.0
302830.0
303544.0
305443.0
306194.0
306577.0
307696.0
308445.0
309170.0
310654.0
311390.0
312534.0
313317.0
314079.0
314840.0
315612.0
316387.0
317174.0
317954.0
319070.0
319827.0
320564.0
321300.0
322074.0
323186.0
324666.0
325400.0
326160.0
326941.0
328433.0
328837.0
329976.0
330742.0
331512.0
332282.0
333043.0
334184.0
334948.0
336440.0
336829.0
337608.0
337987.0
339083.0
340209.0
340968.0
342081.0
342812.0
343194.0
344678.0
345810.0
346210.0
347699.0
348071.0
348455.0
349597.0
350323.0
351776.0
353606.0
354739.0
355143.0
355889.0
357021.0
357737.0
358132.0
358905.0
359308.0
360073.0
361590.0
361974.0
363873.0
364639.0
365400.0
366125.0
366888.0
368402.0
369163.0
369950.0
371098.0
371869.0
372642.0
373416.0
374206.0
375355.0
376469.0
377235.0
378001.0
379106.0
380601.0
381370.0
381738.0
382125.0
383295.0
384027.0
384407.0
385518.0
386277.0
387797.0
388213.0
388973.0
390405.0
391894.0
392630.0
393324.0
393731.0
394130.0
395265.0
396400.0
396773.0
398288.0
399068.0
399830.0
400220.0
401354.0
402462.0
403616.0
404337.0
405480.0
406265.0
407396.0
408176.0
408554.0
409310.0
410088.0
410850.0
412684.0
413823.0
414609.0
415354.0
416141.0
416893.0
418339.0
418716.0
419852.0
420244.0
421031.0
421777.0
422546.0
423333.0
424805.0
426682.0
427461.0
428238.0
429020.0
429427.0
430185.0
431327.0
432117.0
432901.0
434072.0
434446.0
435547.0
436672.0
437855.0
438240.0
438997.0
439396.0
440877.0
442314.0
443072.0
443457.0
444596.0
445361.0
446096.0
446856.0
447632.0
448387.0
450278.0
450673.0
451771.0
452175.0
453314.0
454068.0
454445.0
455956.0
457079.0
458215.0
458976.0
460452.0
460826.0
461947.0
462699.0
463485.0
464263.0
464666.0
465036.0
465753.0
467238.0
468390.0
469502.0
470280.0
472124.0
473243.0
473607.0
474388.0
475515.0
476302.0
477028.0
477431.0
478158.0
479642.0
480789.0
481868.0
482266.0
482671.0
483782.0
484554.0
485291.0
486077.0
487233.0
488344.0
488721.0
489104.0
490979.0
491753.0
492142.0
492879.0
493959.0
495439.0
495800.0
496584.0
497362.0
498524.0
