579.0
1165.0
1962.0
2559.0
3131.0
3731.0
4522.0
5064.0
5643.0
6253.0
7054.0
7665.0
8253.0
8821.0
9613.0
10218.0
10801.0
11319.0
11892.0
12661.0
13261.0
13852.0
14645.0
15250.0
15812.0
16421.0
17198.0
17789.0
18378.0
18935.0
19727.0
20310.0
20904.0
21492.0
22285.0
22887.0
23485.0
24081.0
24888.0
25490.0
26101.0
26659.0
27438.0
28035.0
28635.0
29398.0
30014.0
30626.0
31192.0
31796.0
32578.0
33184.0
33778.0
34369.0
35162.0
35777.0
36364.0
36941.0
37753.0
38312.0
38887.0
39478.0
40076.0
40843.0
41427.0
42004.0
42599.0
43371.0
43965.0
44557.0
45123.0
45715.0
46490.0
47103.0
47700.0
48458.0
49035.0
49633.0
50226.0
51013.0
51560.0
52146.0
52931.0
53511.0
54127.0
54882.0
55485.0
56080.0
56676.0
57261.0
58049.0
58633.0
59226.0
59818.0
60371.0
61157.0
61740.0
62333.0
62906.0
63687.0
64273.0
64844.0
65451.0
66018.0
66794.0
67406.0
67979.0
68534.0
69104.0
69881.0
70481.0
71080.0
71673.0
72470.0
73053.0
73619.0
74205.0
74976.0
75574.0
76172.0
76969.0
77578.0
78177.0
78978.0
79575.0
80138.0
80746.0
81548.0
82158.0
82730.0
83266.0
84061.0
84648.0
85243.0
85816.0
86601.0
87209.0
87792.0
88365.0
88960.0
89722.0
90330.0
90930.0
91509.0
92298.0
92877.0
93444.0
94024.0
94797.0
95391.0
95985.0
96580.0
97154.0
97926.0
98523.0
99111.0
99697.0
100481.0
101071.0
101659.0
102261.0
103064.0
103675.0
104237.0
104812.0
105399.0
106177.0
106760.0
107358.0
107907.0
108708.0
109299.0
109880.0
110471.0
111275.0
111851.0
112461.0
113036.0
113829.0
114414.0
115004.0
115612.0
116410.0
117002.0
117582.0
118172.0
118968.0
119540.0
120149.0
120734.0
121509.0
122084.0
122672.0
123453.0
124055.0
124651.0
125232.0
126025.0
126607.0
127196.0
127992.0
128561.0
129156.0
129741.0
130515.0
131109.0
131671.0
132227.0
133009.0
133607.0
134185.0
134987.0
135571.0
136340.0
136925.0
137489.0
138083.0
138672.0
139476.0
140054.0
140624.0
141225.0
142012.0
142599.0
143186.0
143757.0
144543.0
145133.0
145720.0
146312.0
147106.0
147701.0
148294.0
148892.0
149461.0
150257.0
150866.0
151474.0
152075.0
152843.0
153454.0
154068.0
154846.0
155433.0
156022.0
156606.0
157190.0
157988.0
158588.0
159178.0
159753.0
160564.0
161167.0
161765.0
162329.0
163100.0
163705.0
164286.0
164878.0
165683.0
166307.0
166917.0
167702.0
168307.0
168906.0
169680.0
170249.0
170851.0
171452.0
172031.0
172821.0
173404.0
173993.0
174583.0
175377.0
175977.0
176547.0
177142.0
177936.0
178522.0
179122.0
179742.0
180542.0
181140.0
181710.0
182312.0
183071.0
183658.0
184261.0
185062.0
185642.0
186233.0
187021.0
187607.0
188185.0
188798.0
189370.0
190158.0
190757.0
191332.0
192093.0
192684.0
193261.0
193846.0
194632.0
195240.0
195799.0
196388.0
197177.0
197774.0
198344.0
198924.0
199737.0
200347.0
200928.0
201492.0
202256.0
202858.0
203453.0
204059.0
204851.0
205457.0
206214.0
206805.0
207389.0
207986.0
208563.0
209343.0
209948.0
210521.0
211285.0
211877.0
212456.0
213059.0
213673.0
214414.0
215005.0
215607.0
216201.0
216990.0
217567.0
218138.0
218915.0
219520.0
220094.0
220679.0
221476.0
222078.0
222668.0
223231.0
223821.0
224588.0
225203.0
225782.0
226372.0
227174.0
227774.0
228367.0
228956.0
229523.0
230322.0
230921.0
231525.0
232121.0
232902.0
233504.0
234078.0
234661.0
235240.0
236005.0
236609.0
237212.0
237802.0
238593.0
239194.0
239781.0
240365.0
241164.0
241769.0
242324.0
242909.0
243691.0
244279.0
244884.0
245454.0
246002.0
246583.0
247351.0
247908.0
248506.0
249095.0
249869.0
250478.0
251080.0
251642.0
252245.0
253000.0
253598.0
254176.0
254757.0
255552.0
256149.0
256750.0
257350.0
258114.0
258715.0
259305.0
260095.0
260702.0
261289.0
262087.0
262681.0
263259.0
263837.0
264610.0
265211.0
265822.0
266406.0
267006.0
267763.0
268368.0
268945.0
269537.0
270343.0
270907.0
271511.0
272087.0
272862.0
273448.0
274042.0
274615.0
275389.0
275999.0
276560.0
277148.0
277914.0
278525.0
279110.0
279893.0
280479.0
281084.0
281673.0
282474.0
283077.0
283631.0
284203.0
285000.0
285589.0
286168.0
286773.0
287574.0
288156.0
288748.0
289355.0
289937.0
290687.0
291284.0
291891.0
292690.0
293309.0
293897.0
294490.0
295279.0
295854.0
296438.0
297052.0
297622.0
298408.0
299022.0
299635.0
300447.0
301030.0
301650.0
302451.0
303061.0
303656.0
304433.0
305025.0
305627.0
306211.0
306775.0
307587.0
308189.0
308779.0
309350.0
310151.0
310713.0
311324.0
311889.0
312704.0
313315.0
313913.0
314692.0
315305.0
316114.0
316724.0
317331.0
317916.0
318704.0
319307.0
319912.0
320674.0
321255.0
321832.0
322399.0
322966.0
323747.0
324350.0
324941.0
325719.0
326317.0
326900.0
327481.0
328260.0
328838.0
329412.0
330001.0
330604.0
331405.0
332005.0
332563.0
333142.0
333926.0
334523.0
335116.0
335898.0
336462.0
337064.0
337632.0
338227.0
339012.0
339606.0
340198.0
340771.0
341366.0
342163.0
342743.0
343330.0
343918.0
344681.0
345271.0
345876.0
346678.0
347276.0
347836.0
348622.0
349237.0
349834.0
350418.0
351191.0
351758.0
352347.0
352920.0
353498.0
354279.0
354857.0
355465.0
356064.0
356632.0
357219.0
358002.0
358600.0
359184.0
359944.0
360556.0
361137.0
361719.0
362488.0
363089.0
363700.0
364487.0
365087.0
365682.0
366432.0
367035.0
367612.0
368216.0
368776.0
369581.0
370199.0
370787.0
371367.0
372137.0
372744.0
373342.0
374133.0
374731.0
375330.0
375923.0
376704.0
377296.0
377889.0
378686.0
379279.0
379839.0
380445.0
381201.0
381802.0
382395.0
382978.0
383772.0
384393.0
384985.0
385552.0
386328.0
386935.0
387535.0
388337.0
388943.0
389542.0
390116.0
390697.0
391487.0
392070.0
392644.0
393448.0
394049.0
394652.0
395238.0
396007.0
396624.0
397218.0
397986.0
398588.0
399192.0
399790.0
400594.0
401185.0
401751.0
402319.0
403113.0
403717.0
404305.0
404897.0
405701.0
406297.0
406880.0
407670.0
408265.0
408868.0
409451.0
410238.0
410845.0
411429.0
411997.0
412780.0
413376.0
413940.0
414516.0
415107.0
415895.0
416491.0
417094.0
417657.0
418239.0
419002.0
419598.0
420163.0
420753.0
421558.0
422148.0
422732.0
423543.0
424152.0
424746.0
425346.0
426106.0
426704.0
427295.0
427891.0
428666.0
429275.0
429875.0
430436.0
431202.0
431768.0
432346.0
432933.0
433723.0
434286.0
434862.0
435441.0
436245.0
436825.0
437413.0
437988.0
438776.0
439385.0
439982.0
440580.0
441150.0
441924.0
442509.0
443101.0
443674.0
444459.0
445017.0
445610.0
446423.0
447021.0
447616.0
448154.0
448933.0
449552.0
450130.0
450917.0
451503.0
452079.0
452649.0
453235.0
454035.0
454632.0
455212.0
456008.0
456620.0
457210.0
457784.0
458591.0
459202.0
459801.0
460412.0
461197.0
461797.0
462391.0
463190.0
463751.0
464328.0
464929.0
465715.0
466295.0
466882.0
467468.0
468210.0
468796.0
469388.0
469974.0
470579.0
471163.0
471959.0
472533.0
473134.0
473735.0
474539.0
475151.0
475747.0
476538.0
477124.0
477712.0
478473.0
479068.0
479627.0
480206.0
480975.0
481592.0
482186.0
482779.0
483547.0
484137.0
484722.0
485513.0
486097.0
486682.0
487268.0
487840.0
488428.0
488995.0
489778.0
490376.0
490963.0
491756.0
492339.0
492939.0
493544.0
494121.0
494931.0
495528.0
496117.0
496696.0
497292.0
498063.0
