191.0
340.0
437.0
579.0
728.0
832.0
937.0
1037.0
1140.0
1288.0
1387.0
1486.0
1638.0
1787.0
1891.0
2044.0
2145.0
2247.0
2350.0
2446.0
2644.0
2748.0
2799.0
2950.0
3100.0
3203.0
3307.0
3454.0
3557.0
3659.0
3806.0
3908.0
4010.0
4162.0
4307.0
4407.0
4512.0
4658.0
4761.0
4864.0
5006.0
5055.0
5199.0
5349.0
5453.0
5554.0
5657.0
5757.0
5959.0
6012.0
6206.0
6311.0
6412.0
6509.0
6660.0
6763.0
6860.0
7013.0
7158.0
7264.0
7365.0
7469.0
7572.0
7671.0
7816.0
7924.0
8022.0
8125.0
8317.0
8370.0
8563.0
8613.0
8714.0
8863.0
9015.0
9114.0
9219.0
9312.0
9458.0
9564.0
9760.0
9860.0
9959.0
10112.0
10159.0
10305.0
10408.0
10512.0
10713.0
10801.0
10902.0
11004.0
11106.0
11256.0
11361.0
11466.0
11618.0
11715.0
11819.0
11969.0
12122.0
12173.0
12324.0
12428.0
12579.0
12681.0
12824.0
12923.0
13070.0
13171.0
13269.0
13368.0
13466.0
13618.0
13718.0
13870.0
13974.0
14125.0
14179.0
14376.0
14477.0
14624.0
14728.0
14828.0
14930.0
15084.0
15182.0
15282.0
15428.0
15531.0
15637.0
15789.0
15888.0
15989.0
16139.0
16241.0
16394.0
16491.0
16592.0
16696.0
16745.0
16942.0
17045.0
17095.0
17294.0
17396.0
17498.0
17599.0
17799.0
17846.0
17994.0
18146.0
18199.0
18351.0
18456.0
18557.0
18708.0
18813.0
18914.0
19011.0
19113.0
19314.0
19417.0
19521.0
19622.0
19772.0
19927.0
20032.0
20131.0
20184.0
20335.0
20485.0
20590.0
20789.0
20839.0
20942.0
21088.0
21191.0
21337.0
21440.0
21540.0
21638.0
21786.0
21886.0
21987.0
22134.0
22184.0
22378.0
22481.0
22582.0
22683.0
22832.0
22934.0
23028.0
23128.0
23277.0
23425.0
23529.0
23678.0
23730.0
23878.0
23976.0
24126.0
24226.0
24325.0
24476.0
24581.0
24679.0
24829.0
24930.0
25032.0
25183.0
25287.0
25439.0
25583.0
25684.0
25833.0
25936.0
26038.0
26136.0
26242.0
26340.0
26489.0
26595.0
26747.0
26849.0
26949.0
27100.0
27252.0
27302.0
27451.0
27599.0
27702.0
27802.0
27905.0
28051.0
28151.0
28254.0
28403.0
28503.0
28604.0
28708.0
28861.0
28965.0
29114.0
29266.0
29369.0
29475.0
29578.0
29725.0
29828.0
29972.0
30073.0
30228.0
30332.0
30432.0
30532.0
30684.0
30787.0
30888.0
31037.0
31188.0
31241.0
31394.0
31493.0
31641.0
31744.0
31889.0
32040.0
32142.0
32242.0
32345.0
32443.0
32586.0
32690.0
32843.0
32947.0
33050.0
33203.0
33307.0
33407.0
33509.0
33611.0
33811.0
33916.0
33968.0
34118.0
34218.0
34312.0
34413.0
34564.0
34721.0
34872.0
34971.0
35073.0
35178.0
35278.0
35375.0
35569.0
35674.0
35824.0
35926.0
36024.0
36120.0
36265.0
36365.0
36462.0
36657.0
36759.0
36863.0
36962.0
37111.0
37214.0
37315.0
37418.0
37618.0
37669.0
37813.0
37913.0
38061.0
38160.0
38264.0
38362.0
38467.0
38616.0
38716.0
38856.0
39008.0
39111.0
39263.0
39366.0
39468.0
39616.0
39669.0
39816.0
39966.0
40020.0
40171.0
40274.0
40414.0
40566.0
40665.0
40816.0
40913.0
41015.0
41114.0
41211.0
41362.0
41470.0
41573.0
41715.0
41816.0
41916.0
42065.0
42168.0
42318.0
42419.0
42569.0
42671.0
42774.0
42924.0
43030.0
43181.0
43235.0
43335.0
43439.0
43587.0
43688.0
43883.0
43938.0
44040.0
44189.0
44338.0
44437.0
44541.0
44737.0
44792.0
44988.0
45086.0
45139.0
45286.0
45388.0
45532.0
45634.0
45782.0
45881.0
45978.0
46132.0
46233.0
46335.0
46435.0
46581.0
46684.0
46832.0
46935.0
47036.0
47192.0
47291.0
47437.0
47538.0
47639.0
47737.0
47885.0
47991.0
48092.0
48191.0
48334.0
48431.0
48584.0
48688.0
48885.0
48991.0
