387.0
589.0
691.0
893.0
942.0
1189.0
1292.0
1442.0
1497.0
1652.0
1757.0
1811.0
1964.0
2118.0
2172.0
2323.0
2474.0
2578.0
2629.0
2778.0
2878.0
3030.0
3179.0
3329.0
3438.0
3589.0
3785.0
3833.0
3882.0
4033.0
4187.0
4286.0
4388.0
4490.0
4684.0
4838.0
4892.0
5046.0
5251.0
5305.0
5404.0
5512.0
5617.0
5720.0
5867.0
5972.0
6074.0
6232.0
6335.0
6489.0
6594.0
6748.0
6853.0
6952.0
7057.0
7264.0
7319.0
7423.0
7523.0
7676.0
7726.0
7877.0
8070.0
8169.0
8273.0
8422.0
8572.0
8622.0
8820.0
8871.0
9025.0
9123.0
9272.0
9424.0
9527.0
9630.0
9737.0
9788.0
9936.0
10039.0
10196.0
10395.0
10500.0
10604.0
10708.0
10858.0
10912.0
11067.0
11170.0
11323.0
11423.0
11524.0
11679.0
11782.0
11833.0
11930.0
12177.0
12230.0
12383.0
12481.0
12581.0
12631.0
12787.0
12992.0
13096.0
13200.0
13358.0
13509.0
13611.0
13664.0
13817.0
13921.0
14124.0
14176.0
14280.0
14384.0
14491.0
14694.0
14746.0
14945.0
15048.0
15148.0
15307.0
15411.0
15511.0
15665.0
15767.0
15922.0
16019.0
16172.0
16270.0
16323.0
16476.0
16581.0
16738.0
16893.0
17045.0
17148.0
17303.0
17406.0
17504.0
17702.0
17754.0
17805.0
17955.0
18107.0
18149.0
18394.0
18494.0
18598.0
18751.0
18803.0
18907.0
18958.0
19003.0
19201.0
19302.0
19452.0
19556.0
19655.0
19758.0
19861.0
20010.0
20213.0
20404.0
20509.0
20610.0
20663.0
20766.0
20963.0
21014.0
21120.0
21324.0
21427.0
21530.0
21578.0
21677.0
21782.0
22038.0
22235.0
22338.0
22443.0
22497.0
22593.0
22691.0
22792.0
22898.0
23002.0
23151.0
23305.0
23358.0
23509.0
23611.0
23710.0
23860.0
24067.0
24172.0
24273.0
24423.0
24571.0
24621.0
24722.0
24825.0
24978.0
25128.0
25229.0
25383.0
25481.0
25583.0
25684.0
25832.0
26031.0
26133.0
26235.0
26339.0
26392.0
26541.0
26646.0
26796.0
26897.0
26996.0
27098.0
27198.0
27349.0
27454.0
27558.0
27607.0
27805.0
28053.0
28151.0
28205.0
28309.0
28459.0
28609.0
28758.0
28812.0
28911.0
29063.0
29218.0
29320.0
29422.0
29572.0
29673.0
29774.0
29828.0
30033.0
30186.0
30336.0
30391.0
30492.0
30546.0
30596.0
30795.0
30899.0
31156.0
31309.0
31364.0
31517.0
31673.0
31725.0
31826.0
31928.0
32079.0
32129.0
32321.0
32471.0
32576.0
32728.0
32781.0
32929.0
33030.0
33185.0
33237.0
33335.0
33583.0
33686.0
33738.0
33834.0
33936.0
34089.0
34287.0
34340.0
34439.0
34586.0
34688.0
34842.0
35040.0
35147.0
35251.0
35404.0
35456.0
35562.0
35666.0
35815.0
35866.0
35965.0
36173.0
36324.0
36423.0
36477.0
36633.0
36783.0
36883.0
37035.0
37137.0
37292.0
37343.0
37591.0
37645.0
37744.0
37796.0
37898.0
38100.0
38203.0
38307.0
38462.0
38612.0
38710.0
38814.0
38915.0
39017.0
39166.0
39316.0
39423.0
39526.0
39629.0
39731.0
39836.0
39989.0
40196.0
40299.0
40348.0
40446.0
40548.0
40706.0
40858.0
40909.0
41009.0
41212.0
41314.0
41465.0
41567.0
41669.0
41823.0
41926.0
42031.0
42186.0
42293.0
42347.0
42444.0
42544.0
42794.0
42897.0
42997.0
43089.0
43244.0
43296.0
43399.0
43495.0
43647.0
43843.0
43945.0
44096.0
44141.0
44193.0
44346.0
44445.0
44645.0
44692.0
44948.0
45001.0
45104.0
45310.0
45360.0
45463.0
45608.0
45818.0
45964.0
46017.0
46121.0
46221.0
46374.0
46476.0
46624.0
46775.0
46922.0
46976.0
47082.0
47181.0
47282.0
47486.0
47540.0
47694.0
47786.0
47886.0
47988.0
48239.0
48338.0
48390.0
48438.0
48541.0
48737.0
48839.0
48942.0
