2178.0
3652.0
4749.0
5449.0
6540.0
7236.0
8361.0
9119.0
9871.0
10232.0
11355.0
12143.0
12915.0
14037.0
14765.0
15551.0
17094.0
17839.0
18567.0
19338.0
20463.0
21220.0
21989.0
23078.0
23833.0
24978.0
26122.0
26876.0
27631.0
28745.0
29128.0
30240.0
31372.0
32499.0
33271.0
34370.0
34784.0
36261.0
36662.0
37435.0
38148.0
38552.0
40026.0
40414.0
41879.0
42665.0
43439.0
44562.0
45696.0
46074.0
46792.0
47935.0
49035.0
50513.0
50930.0
51660.0
52410.0
52802.0
53897.0
55060.0
55809.0
57321.0
57724.0
58883.0
59666.0
60428.0
61184.0
62692.0
63060.0
64190.0
64961.0
66415.0
67159.0
67551.0
68291.0
69015.0
70168.0
71272.0
71664.0
72409.0
73867.0
74273.0
75421.0
75810.0
77268.0
77645.0
79099.0
79877.0
80986.0
81755.0
82479.0
83222.0
83994.0
85450.0
86214.0
86926.0
87722.0
88879.0
89619.0
90765.0
91155.0
92644.0
93765.0
94152.0
94927.0
95308.0
96445.0
97557.0
98339.0
99118.0
99846.0
100997.0
102121.0
102814.0
103919.0
104691.0
105437.0
106574.0
106932.0
108065.0
109181.0
109936.0
110685.0
111447.0
112156.0
112915.0
113664.0
114747.0
115842.0
116976.0
117766.0
118150.0
119307.0
120063.0
120811.0
121906.0
123036.0
123424.0
124175.0
124921.0
126028.0
127132.0
128271.0
128982.0
129773.0
130906.0
131665.0
132774.0
133530.0
134669.0
135415.0
136184.0
136970.0
137360.0
138059.0
139851.0
140228.0
141374.0
142492.0
143249.0
143619.0
144714.0
145836.0
146598.0
147359.0
147730.0
149214.0
149988.0
151098.0
151861.0
152619.0
153386.0
154152.0
155271.0
156415.0
157195.0
157948.0
159076.0
159475.0
160577.0
161729.0
162500.0
163264.0
164037.0
165151.0
165555.0
166682.0
167436.0
168882.0
169608.0
170738.0
171147.0
171886.0
172970.0
173350.0
175210.0
175604.0
176349.0
177507.0
178641.0
179033.0
180471.0
181243.0
182010.0
182784.0
183886.0
184281.0
185764.0
186887.0
187646.0
188401.0
189511.0
190282.0
191408.0
191818.0
192958.0
193369.0
193735.0
195234.0
196357.0
196739.0
197783.0
198567.0
199687.0
200417.0
201888.0
202646.0
203030.0
204159.0
204933.0
205706.0
206453.0
207559.0
208331.0
209093.0
209848.0
210960.0
212111.0
212513.0
213613.0
214370.0
215504.0
216632.0
217754.0
218528.0
218931.0
219662.0
221144.0
221865.0
222627.0
223407.0
224515.0
225643.0
226775.0
227172.0
228287.0
229389.0
230154.0
230924.0
231688.0
232454.0
233228.0
234325.0
235084.0
236257.0
237031.0
237803.0
239269.0
240030.0
240801.0
241530.0
242305.0
243431.0
244202.0
244909.0
245695.0
246455.0
246831.0
248332.0
249110.0
250929.0
251314.0
252065.0
252836.0
254242.0
255026.0
255787.0
256891.0
257282.0
259084.0
259474.0
260540.0
261310.0
262089.0
263238.0
263980.0
264746.0
265503.0
266268.0
267043.0
268496.0
268907.0
270358.0
270753.0
271846.0
272630.0
273413.0
274883.0
275272.0
276027.0
277177.0
277928.0
278720.0
279885.0
280987.0
281771.0
282530.0
283643.0
284397.0
285554.0
286292.0
287086.0
287867.0
288648.0
289411.0
290559.0
290956.0
291700.0
292817.0
293950.0
294699.0
295100.0
296183.0
297650.0
298055.0
299194.0
300282.0
301030.0
301778.0
302922.0
304404.0
305171.0
305954.0
307095.0
307855.0
308252.0
309375.0
309772.0
310528.0
311991.0
312769.0
313524.0
314663.0
315419.0
316534.0
317286.0
317676.0
318803.0
319896.0
321037.0
321770.0
322507.0
323634.0
324417.0
325179.0
326271.0
326604.0
327323.0
328440.0
329220.0
329965.0
330731.0
331862.0
332975.0
333765.0
334545.0
335331.0
336467.0
337230.0
338349.0
339103.0
339847.0
341331.0
342109.0
342874.0
343258.0
344334.0
345105.0
346215.0
347358.0
348147.0
348888.0
349614.0
350357.0
351831.0
352233.0
353362.0
354491.0
354888.0
355649.0
357127.0
357854.0
358972.0
359755.0
360526.0
361297.0
362087.0
363255.0
363650.0
364769.0
365532.0
366656.0
367795.0
368949.0
370072.0
370478.0
371237.0
372015.0
372774.0
373543.0
374304.0
375444.0
376581.0
377682.0
378074.0
378813.0
379193.0
381028.0
382104.0
382878.0
383240.0
384740.0
385455.0
386227.0
386983.0
387733.0
388138.0
389635.0
390991.0
391378.0
392120.0
393544.0
394307.0
395036.0
395788.0
396516.0
396895.0
397652.0
399473.0
399875.0
401359.0
401737.0
402855.0
403589.0
404738.0
405522.0
406258.0
407034.0
408157.0
408540.0
410043.0
410798.0
411930.0
412651.0
413419.0
414533.0
414914.0
416043.0
416799.0
417906.0
419034.0
419446.0
420194.0
421350.0
422449.0
423190.0
423956.0
425472.0
425865.0
426969.0
427728.0
428886.0
429270.0
430404.0
431140.0
432256.0
433006.0
433755.0
435225.0
435956.0
436707.0
437114.0
438607.0
439709.0
440495.0
441238.0
441632.0
443132.0
443881.0
444662.0
445434.0
446187.0
447688.0
448462.0
449225.0
449990.0
451092.0
452233.0
453350.0
454056.0
454430.0
455149.0
456281.0
456675.0
457809.0
458936.0
459702.0
460863.0
461615.0
462394.0
463138.0
463888.0
465366.0
466136.0
467272.0
467663.0
468797.0
469534.0
469900.0
470991.0
471370.0
472870.0
473993.0
474723.0
475500.0
476609.0
477005.0
478107.0
478836.0
479987.0
480729.0
481517.0
482994.0
483773.0
484166.0
485291.0
486400.0
487159.0
487918.0
489017.0
489786.0
490547.0
491312.0
492443.0
493205.0
494321.0
495450.0
496230.0
496643.0
497780.0
498519.0
