458.0
925.0
1356.0
1807.0
2294.0
2749.0
3188.0
3647.0
4112.0
4586.0
5036.0
5469.0
5942.0
6399.0
6857.0
7312.0
7784.0
8229.0
8719.0
9172.0
9602.0
10048.0
10502.0
10979.0
11449.0
11928.0
12410.0
12866.0
13361.0
13830.0
14302.0
14749.0
15202.0
15663.0
16127.0
16585.0
17068.0
17540.0
17995.0
18458.0
18931.0
19387.0
19847.0
20294.0
20747.0
21220.0
21691.0
22171.0
22619.0
23074.0
23560.0
24037.0
24488.0
24942.0
25383.0
25856.0
26342.0
26787.0
27232.0
27700.0
28159.0
28615.0
29066.0
29534.0
29951.0
30403.0
30845.0
31286.0
31751.0
32213.0
32668.0
33088.0
33548.0
33991.0
34411.0
34870.0
35341.0
35820.0
36260.0
36728.0
37182.0
37648.0
38103.0
38573.0
39025.0
39455.0
39907.0
40367.0
40837.0
41269.0
41711.0
42174.0
42617.0
43026.0
43503.0
43978.0
44444.0
44847.0
45313.0
45738.0
46229.0
46701.0
47148.0
47597.0
48050.0
48460.0
48909.0
49369.0
49829.0
50283.0
50744.0
51213.0
51682.0
52154.0
52628.0
53093.0
53592.0
54017.0
54484.0
54947.0
55431.0
55890.0
56364.0
56835.0
57309.0
57767.0
58221.0
58678.0
59143.0
59602.0
60077.0
60541.0
60999.0
61451.0
61927.0
62393.0
62852.0
63319.0
63780.0
64249.0
64730.0
65205.0
65669.0
66126.0
66588.0
67015.0
67456.0
67945.0
68389.0
68854.0
69330.0
69800.0
70215.0
70668.0
71128.0
71553.0
72022.0
72509.0
72998.0
73478.0
73955.0
74429.0
74865.0
75317.0
75784.0
76269.0
76755.0
77228.0
77677.0
78130.0
78607.0
79084.0
79541.0
80005.0
80456.0
80938.0
81386.0
81857.0
82321.0
82795.0
83266.0
83723.0
84184.0
84653.0
85107.0
85590.0
86067.0
86547.0
87024.0
87493.0
87944.0
88407.0
88864.0
89313.0
89778.0
90262.0
90743.0
91172.0
91617.0
92085.0
92525.0
92992.0
93459.0
93944.0
94424.0
94891.0
95367.0
95825.0
96279.0
96753.0
97202.0
97676.0
98148.0
98607.0
99070.0
99540.0
99965.0
100424.0
100899.0
101356.0
101829.0
102306.0
102748.0
103183.0
103662.0
104084.0
104538.0
105011.0
105477.0
105940.0
106390.0
106840.0
107272.0
107756.0
108185.0
108592.0
109062.0
109533.0
110002.0
110457.0
110942.0
111406.0
111871.0
112301.0
112746.0
113207.0
113651.0
114128.0
114608.0
115064.0
115545.0
116009.0
116484.0
116959.0
117414.0
117867.0
118308.0
118732.0
119206.0
119674.0
120131.0
120608.0
121087.0
121565.0
122009.0
122475.0
122938.0
123396.0
123860.0
124318.0
124753.0
125209.0
125684.0
126146.0
126600.0
127063.0
127545.0
128016.0
128494.0
128977.0
129412.0
129884.0
130331.0
130804.0
131217.0
131691.0
132161.0
132592.0
133060.0
133518.0
133926.0
134394.0
134876.0
135354.0
135732.0
136172.0
136647.0
137101.0
137565.0
138015.0
138468.0
138957.0
139347.0
139796.0
140258.0
140712.0
141177.0
141652.0
142093.0
142571.0
143041.0
143530.0
143967.0
144432.0
144856.0
145301.0
145772.0
146236.0
146688.0
147132.0
147605.0
148085.0
148554.0
149027.0
149488.0
149864.0
150315.0
150798.0
151255.0
151719.0
152161.0
152638.0
153105.0
153586.0
154042.0
154492.0
154930.0
155409.0
155861.0
156310.0
156787.0
157255.0
157730.0
158162.0
158604.0
159073.0
159530.0
159997.0
160459.0
160902.0
161360.0
161780.0
162244.0
162708.0
163153.0
163630.0
164097.0
164546.0
165018.0
165464.0
165937.0
166398.0
166877.0
167303.0
167770.0
168222.0
168703.0
169146.0
169635.0
170099.0
170533.0
171004.0
171455.0
171898.0
172363.0
172795.0
173247.0
173709.0
174180.0
174594.0
175054.0
175496.0
175951.0
176411.0
176869.0
177338.0
177805.0
178282.0
178737.0
179199.0
179670.0
180138.0
180586.0
181057.0
181523.0
181986.0
182420.0
182910.0
183375.0
183782.0
184229.0
184702.0
185164.0
185603.0
186076.0
186542.0
186993.0
187471.0
187936.0
188398.0
188858.0
189321.0
189764.0
190224.0
190663.0
191124.0
191583.0
192066.0
192515.0
192985.0
193413.0
193892.0
194342.0
194827.0
195278.0
195743.0
196210.0
196686.0
197138.0
197625.0
198086.0
198500.0
198949.0
199392.0
199859.0
200289.0
200714.0
201185.0
201641.0
202104.0
202581.0
203066.0
203520.0
203947.0
204425.0
204880.0
205343.0
205793.0
206257.0
206740.0
207219.0
207698.0
208142.0
208597.0
209056.0
209515.0
209975.0
210465.0
210943.0
211403.0
211892.0
212371.0
212812.0
213275.0
213742.0
214210.0
214668.0
215164.0
215630.0
216065.0
216515.0
216978.0
217437.0
217914.0
218393.0
218854.0
219298.0
219693.0
220101.0
220562.0
221015.0
221474.0
221910.0
222380.0
222837.0
223301.0
223764.0
224221.0
224661.0
225140.0
225619.0
226081.0
226545.0
227031.0
227503.0
227984.0
228449.0
228881.0
229334.0
229802.0
230278.0
230731.0
231203.0
231672.0
232152.0
232596.0
233066.0
233542.0
233984.0
234423.0
234880.0
235338.0
235814.0
236269.0
236715.0
237192.0
237636.0
238062.0
238479.0
238936.0
239405.0
239891.0
240348.0
240803.0
241248.0
241689.0
242169.0
242651.0
243138.0
243604.0
244086.0
244553.0
245010.0
245483.0
245925.0
246323.0
246790.0
247256.0
247735.0
248203.0
248678.0
249141.0
249601.0
250020.0
250512.0
250974.0
251423.0
251853.0
252289.0
252759.0
253220.0
253688.0
254094.0
254568.0
255048.0
255512.0
255966.0
256417.0
256887.0
257347.0
257785.0
258259.0
258734.0
259192.0
259656.0
260130.0
260618.0
261072.0
261561.0
262026.0
262465.0
262928.0
263368.0
263829.0
264290.0
264737.0
265222.0
265684.0
266150.0
266617.0
267061.0
267543.0
268014.0
268494.0
268939.0
269361.0
269803.0
270272.0
270751.0
271213.0
271655.0
272128.0
272555.0
272971.0
273389.0
273818.0
274311.0
274730.0
275211.0
275679.0
276147.0
276629.0
277104.0
277561.0
278006.0
278463.0
278915.0
279366.0
279834.0
280317.0
280765.0
281228.0
281699.0
282143.0
282585.0
283041.0
283486.0
283952.0
284421.0
284884.0
285371.0
285803.0
286242.0
286687.0
287149.0
287606.0
288063.0
288503.0
288969.0
289418.0
289883.0
290356.0
290820.0
291272.0
291741.0
292224.0
292667.0
293132.0
293602.0
294062.0
294541.0
295002.0
295447.0
295884.0
296325.0
296770.0
297216.0
297641.0
298090.0
298548.0
299012.0
299478.0
299935.0
300402.0
300860.0
301328.0
301786.0
302235.0
302682.0
303159.0
303610.0
304038.0
304488.0
304961.0
305438.0
305913.0
306387.0
306872.0
307317.0
307765.0
308250.0
308725.0
309171.0
309604.0
310054.0
310535.0
310999.0
311444.0
311907.0
312379.0
312856.0
313307.0
313796.0
314273.0
314740.0
315185.0
315662.0
316095.0
316553.0
317014.0
317486.0
317961.0
318439.0
318904.0
319388.0
319860.0
320326.0
320795.0
321257.0
321708.0
322184.0
322654.0
323136.0
323610.0
324058.0
324545.0
324995.0
325456.0
325915.0
326399.0
326855.0
327300.0
327767.0
328205.0
328648.0
329122.0
329573.0
330040.0
330515.0
330977.0
331446.0
331913.0
332359.0
332803.0
333216.0
333650.0
334124.0
334592.0
335066.0
335528.0
336001.0
336465.0
336938.0
337369.0
337839.0
338311.0
338785.0
339246.0
339726.0
340188.0
340647.0
341088.0
341545.0
342016.0
342449.0
342899.0
343353.0
343817.0
344251.0
344709.0
345163.0
345596.0
346018.0
346465.0
346951.0
347397.0
347857.0
348307.0
348784.0
349258.0
349735.0
350223.0
350695.0
351187.0
351651.0
352102.0
352594.0
353014.0
353488.0
353949.0
354414.0
354873.0
355348.0
355812.0
356240.0
356715.0
357200.0
357661.0
358122.0
358578.0
359037.0
359503.0
359965.0
360428.0
360895.0
361283.0
361767.0
362245.0
362689.0
363147.0
363622.0
364103.0
364526.0
364989.0
365454.0
365895.0
366328.0
366800.0
367259.0
367707.0
368174.0
368595.0
369052.0
369528.0
369976.0
370444.0
370907.0
371339.0
371819.0
372313.0
372776.0
373238.0
373694.0
374150.0
374615.0
375065.0
375532.0
376002.0
376464.0
376909.0
377367.0
377804.0
378275.0
378739.0
379183.0
379649.0
380120.0
380559.0
380986.0
381425.0
381882.0
382332.0
382805.0
383215.0
383673.0
384134.0
384604.0
385096.0
385559.0
385996.0
386450.0
386906.0
387374.0
387826.0
388300.0
388749.0
389218.0
389654.0
390127.0
390586.0
391022.0
391478.0
391947.0
392401.0
392881.0
393354.0
393828.0
394266.0
394711.0
395185.0
395654.0
396117.0
396590.0
397065.0
397529.0
397960.0
398412.0
398876.0
399340.0
399781.0
400262.0
400736.0
401213.0
401678.0
402148.0
402626.0
403095.0
403553.0
404034.0
404508.0
404958.0
405414.0
405898.0
406372.0
406826.0
407294.0
407775.0
408206.0
408662.0
409113.0
409552.0
410020.0
410502.0
410978.0
411444.0
411923.0
412388.0
412837.0
413312.0
413767.0
414231.0
414695.0
415147.0
415614.0
416086.0
416554.0
417001.0
417466.0
417939.0
418405.0
418849.0
419335.0
419772.0
420239.0
420668.0
421129.0
421597.0
422067.0
422513.0
422933.0
423388.0
423827.0
424305.0
424777.0
425241.0
425714.0
426182.0
426634.0
427095.0
427573.0
428049.0
428512.0
428994.0
429460.0
429938.0
430416.0
430889.0
431372.0
431839.0
432296.0
432717.0
433177.0
433623.0
434098.0
434575.0
435040.0
435508.0
436010.0
436490.0
436960.0
437426.0
437895.0
438376.0
438807.0
439249.0
439712.0
440191.0
440674.0
441132.0
441572.0
442057.0
442490.0
442963.0
443448.0
443925.0
444365.0
444840.0
445328.0
445778.0
446224.0
446691.0
447127.0
447612.0
448060.0
448538.0
448972.0
449433.0
449886.0
450356.0
450804.0
451257.0
451712.0
452188.0
452666.0
453110.0
453590.0
454029.0
454481.0
454912.0
455377.0
455804.0
456266.0
456743.0
457192.0
457655.0
458118.0
458587.0
459057.0
459505.0
459970.0
460428.0
460881.0
461345.0
461815.0
462222.0
462678.0
463149.0
463579.0
464049.0
464529.0
465013.0
465480.0
465970.0
466438.0
466901.0
467354.0
467830.0
468295.0
468777.0
469201.0
469679.0
470140.0
470596.0
471059.0
471559.0
472038.0
472524.0
472979.0
473451.0
473897.0
474341.0
474780.0
475237.0
475664.0
476106.0
476570.0
477066.0
477531.0
478009.0
478464.0
478935.0
479376.0
479846.0
480322.0
480815.0
481273.0
481736.0
482204.0
482684.0
483113.0
483585.0
484060.0
484532.0
485003.0
485484.0
485935.0
486380.0
486767.0
487229.0
487680.0
488160.0
488643.0
489134.0
489611.0
490087.0
490558.0
490996.0
491456.0
491907.0
492375.0
492843.0
493316.0
493764.0
494230.0
494697.0
495129.0
495618.0
496097.0
496562.0
497040.0
497482.0
