140.0
240.0
385.0
486.0
625.0
726.0
824.0
962.0
1059.0
1156.0
1256.0
1401.0
1502.0
1642.0
1734.0
1877.0
1928.0
2068.0
2169.0
2310.0
2410.0
2510.0
2649.0
2700.0
2840.0
2938.0
3074.0
3172.0
3273.0
3418.0
3519.0
3662.0
3764.0
3908.0
4008.0
4103.0
4202.0
4302.0
4445.0
4542.0
4682.0
4782.0
4883.0
4979.0
5078.0
5217.0
5314.0
5408.0
5548.0
5649.0
5746.0
5883.0
5983.0
6124.0
6222.0
6319.0
6412.0
6557.0
6660.0
6799.0
6903.0
7000.0
7089.0
7232.0
7333.0
7429.0
7569.0
7667.0
7754.0
7893.0
7991.0
8088.0
8235.0
8335.0
8481.0
8580.0
8726.0
8863.0
8916.0
9054.0
9155.0
9255.0
9399.0
9498.0
9643.0
9743.0
9838.0
9985.0
10085.0
10184.0
10281.0
10420.0
10516.0
10614.0
10758.0
10851.0
10950.0
11091.0
11189.0
11283.0
11380.0
11523.0
11622.0
11761.0
11862.0
11954.0
12095.0
12195.0
12294.0
12433.0
12530.0
12626.0
12767.0
12871.0
13014.0
13117.0
13258.0
13353.0
13452.0
13552.0
13698.0
13790.0
13888.0
14028.0
14127.0
14269.0
14364.0
14462.0
14561.0
14660.0
14752.0
14889.0
14990.0
15083.0
15225.0
15327.0
15422.0
15562.0
15667.0
15810.0
15911.0
16012.0
16157.0
16255.0
16353.0
16497.0
16596.0
16693.0
16835.0
16933.0
17075.0
17170.0
17264.0
17408.0
17504.0
17605.0
17748.0
17847.0
17948.0
18092.0
18192.0
18339.0
18440.0
18538.0
18632.0
18774.0
18870.0
18966.0
19109.0
19206.0
19299.0
19446.0
19540.0
19638.0
19733.0
19873.0
20019.0
20118.0
20215.0
20358.0
20457.0
20552.0
20696.0
20794.0
20893.0
21036.0
21134.0
21230.0
21373.0
21474.0
21568.0
21706.0
21808.0
21951.0
22049.0
22150.0
22291.0
22392.0
22493.0
22630.0
22733.0
22876.0
22974.0
23068.0
23210.0
23310.0
23409.0
23553.0
23603.0
23736.0
23829.0
23977.0
24075.0
24175.0
24273.0
24417.0
24517.0
24609.0
24748.0
24840.0
24940.0
25035.0
25176.0
25277.0
25420.0
25515.0
25613.0
25712.0
25902.0
26003.0
26102.0
26201.0
26298.0
26444.0
26542.0
26643.0
26783.0
26882.0
27019.0
27121.0
27258.0
27355.0
27452.0
27553.0
27652.0
27799.0
27897.0
27995.0
28144.0
28247.0
28348.0
28490.0
28584.0
28685.0
28832.0
28932.0
29067.0
29171.0
29265.0
29360.0
29499.0
29641.0
29741.0
29842.0
29938.0
30078.0
30172.0
30266.0
30408.0
30506.0
30601.0
30695.0
30835.0
30933.0
31074.0
31170.0
31267.0
31364.0
31509.0
31608.0
31749.0
31851.0
31990.0
32091.0
32191.0
32291.0
32430.0
32480.0
32613.0
32752.0
32854.0
32953.0
33051.0
33194.0
33293.0
33391.0
33529.0
33623.0
33764.0
33862.0
33959.0
34101.0
34194.0
34339.0
34436.0
34535.0
34629.0
34771.0
34869.0
34963.0
35057.0
35200.0
35299.0
35399.0
35538.0
35682.0
35735.0
35876.0
35977.0
36075.0
36219.0
36317.0
36413.0
36510.0
36651.0
36746.0
36843.0
36987.0
37090.0
37188.0
37330.0
37428.0
37524.0
37666.0
37764.0
37905.0
37960.0
38099.0
38244.0
38344.0
38443.0
38538.0
38678.0
38776.0
38873.0
39019.0
39112.0
39208.0
39305.0
39448.0
39544.0
39643.0
39786.0
39885.0
39986.0
40132.0
40277.0
40374.0
40468.0
40563.0
40705.0
40807.0
40908.0
41052.0
41152.0
41250.0
41393.0
41494.0
41595.0
41740.0
41838.0
41934.0
42076.0
42173.0
42311.0
42411.0
42504.0
42602.0
42692.0
42831.0
42924.0
43023.0
43164.0
43266.0
43412.0
43510.0
43605.0
43706.0
43847.0
43945.0
44085.0
44185.0
44276.0
44422.0
44520.0
44620.0
44768.0
44868.0
44967.0
45106.0
45204.0
45302.0
45401.0
45546.0
45646.0
45741.0
45883.0
45979.0
46076.0
46220.0
46320.0
46416.0
46507.0
46648.0
46753.0
46890.0
47032.0
47086.0
47232.0
47328.0
47424.0
47523.0
47615.0
47760.0
47860.0
48004.0
48102.0
48199.0
48339.0
48442.0
48537.0
48675.0
48769.0
48913.0
49010.0
49107.0
49250.0
49348.0
49446.0
49588.0
49689.0
49788.0
49929.0
50031.0
50131.0
50229.0
50370.0
50468.0
50564.0
50711.0
50810.0
50953.0
51052.0
51146.0
51287.0
51431.0
51530.0
51633.0
51773.0
51868.0
51966.0
52110.0
52204.0
52341.0
52435.0
52577.0
52674.0
52775.0
52924.0
53024.0
53120.0
53263.0
53361.0
53464.0
53561.0
53658.0
53796.0
53900.0
54045.0
54146.0
54290.0
54339.0
54477.0
54575.0
54714.0
54815.0
54958.0
55055.0
55154.0
55250.0
55394.0
55491.0
55582.0
55723.0
55818.0
55917.0
56053.0
56146.0
56245.0
56386.0
56483.0
56583.0
56678.0
56824.0
56923.0
57022.0
57164.0
57260.0
57359.0
57500.0
57638.0
57740.0
57838.0
57934.0
58077.0
58176.0
58275.0
58411.0
58512.0
58607.0
58703.0
58843.0
58940.0
59039.0
59183.0
59279.0
59423.0
59519.0
59621.0
59764.0
59863.0
59961.0
60058.0
60199.0
60299.0
60398.0
60493.0
60633.0
60730.0
60870.0
60964.0
61106.0
61205.0
61352.0
61455.0
61555.0
61652.0
61791.0
61887.0
61977.0
62119.0
62215.0
62360.0
62460.0
62560.0
62659.0
62800.0
62897.0
62989.0
63132.0
63228.0
63327.0
63467.0
63567.0
63668.0
63768.0
63914.0
64014.0
64111.0
64207.0
64346.0
64444.0
64544.0
64642.0
64781.0
64879.0
64975.0
65113.0
65211.0
65305.0
65405.0
65549.0
65645.0
65745.0
65892.0
65992.0
66092.0
66231.0
66330.0
66472.0
66572.0
66666.0
66810.0
66905.0
67000.0
67101.0
67244.0
67341.0
67438.0
67580.0
67630.0
67770.0
67914.0
68017.0
68116.0
68211.0
68347.0
68448.0
68542.0
68686.0
68787.0
68933.0
69027.0
69122.0
69217.0
69355.0
69447.0
69589.0
69682.0
69825.0
69925.0
70020.0
70162.0
70261.0
70403.0
70505.0
70649.0
70744.0
70844.0
70986.0
71090.0
71190.0
71283.0
71429.0
71530.0
71675.0
71775.0
71916.0
72020.0
72118.0
72265.0
72355.0
72453.0
72550.0
72686.0
72789.0
72887.0
73025.0
73125.0
73270.0
73364.0
73465.0
73560.0
73702.0
73801.0
73901.0
73999.0
74138.0
74240.0
74337.0
74435.0
74579.0
74680.0
74781.0
74925.0
75021.0
75165.0
75264.0
75405.0
75504.0
75600.0
75742.0
75840.0
75938.0
76077.0
76175.0
76273.0
76418.0
76515.0
76615.0
76758.0
76856.0
76993.0
77094.0
77191.0
77338.0
77435.0
77533.0
77674.0
77818.0
77871.0
78012.0
78112.0
78213.0
78353.0
78453.0
78551.0
78695.0
78792.0
78887.0
79029.0
79127.0
79225.0
79365.0
79464.0
79568.0
79709.0
79800.0
79942.0
80044.0
80139.0
80239.0
80383.0
80480.0
80582.0
80677.0
80816.0
80910.0
81053.0
81151.0
81250.0
81395.0
81493.0
81586.0
81686.0
81822.0
81920.0
82059.0
82156.0
82256.0
82396.0
82495.0
82590.0
82733.0
82835.0
82936.0
83035.0
83173.0
83269.0
83413.0
83517.0
83617.0
83759.0
83858.0
83999.0
84099.0
84198.0
84296.0
84439.0
84535.0
84632.0
84775.0
84875.0
84968.0
85115.0
85215.0
85314.0
85457.0
85557.0
85657.0
85794.0
85898.0
86037.0
86134.0
86232.0
86377.0
86479.0
86577.0
86671.0
86810.0
86908.0
87009.0
87107.0
87253.0
87353.0
87495.0
87586.0
87682.0
87821.0
87916.0
88016.0
88116.0
88262.0
88367.0
88465.0
88613.0
88707.0
88802.0
88895.0
89038.0
89135.0
89233.0
89378.0
89520.0
89573.0
89721.0
89813.0
89951.0
90046.0
90188.0
90292.0
90436.0
90533.0
90627.0
90772.0
90871.0
90971.0
91064.0
91208.0
91309.0
91408.0
91506.0
91638.0
91734.0
91830.0
91969.0
92068.0
92209.0
92311.0
92408.0
92550.0
92648.0
92794.0
92847.0
92992.0
93093.0
93188.0
93330.0
93428.0
93525.0
93671.0
93772.0
93912.0
94014.0
94114.0
94215.0
94359.0
94460.0
94558.0
94706.0
94854.0
94947.0
95038.0
95133.0
95229.0
95376.0
95475.0
95575.0
95717.0
95816.0
95912.0
96011.0
96157.0
96252.0
96351.0
96496.0
96596.0
96688.0
96826.0
96923.0
97019.0
97117.0
97260.0
97357.0
97458.0
97591.0
97687.0
97824.0
97923.0
