380.0
531.0
690.0
842.0
1036.0
1089.0
1142.0
1298.0
1399.0
1498.0
1600.0
1706.0
1959.0
2059.0
2206.0
2308.0
2358.0
2511.0
2661.0
2813.0
2914.0
2967.0
3069.0
3172.0
3316.0
3466.0
3563.0
3716.0
3864.0
3967.0
4121.0
4271.0
4367.0
4416.0
4575.0
4629.0
4823.0
4920.0
4970.0
5124.0
5272.0
5376.0
5477.0
5580.0
5734.0
5943.0
5992.0
6144.0
6242.0
6348.0
6450.0
6604.0
6755.0
6807.0
6911.0
7015.0
7167.0
7317.0
7420.0
7523.0
7679.0
7730.0
7884.0
8033.0
8133.0
8234.0
8390.0
8440.0
8688.0
8787.0
8837.0
8992.0
9094.0
9298.0
9403.0
9511.0
9616.0
9814.0
9914.0
10014.0
10119.0
10221.0
10374.0
10426.0
10576.0
10630.0
10774.0
10927.0
11032.0
11176.0
11281.0
11384.0
11584.0
11689.0
11741.0
11842.0
11993.0
12146.0
12297.0
12349.0
12447.0
12498.0
12650.0
12800.0
12908.0
13060.0
13161.0
13312.0
13414.0
13513.0
13617.0
13716.0
13868.0
14023.0
14128.0
14229.0
14379.0
14431.0
14532.0
14584.0
14837.0
14943.0
15045.0
15198.0
15302.0
15448.0
15600.0
15709.0
15811.0
15963.0
16065.0
16217.0
16365.0
16469.0
16620.0
16674.0
16773.0
16877.0
16981.0
17177.0
17281.0
17384.0
17541.0
17644.0
17695.0
17889.0
17986.0
18087.0
18235.0
18382.0
18485.0
18588.0
18739.0
18839.0
18945.0
18997.0
19150.0
19298.0
19446.0
19546.0
19645.0
19743.0
19843.0
19992.0
20095.0
20251.0
20406.0
20502.0
20654.0
20759.0
20864.0
21066.0
21167.0
21271.0
21372.0
21478.0
21631.0
21825.0
21881.0
21982.0
22088.0
22191.0
22286.0
22391.0
22536.0
22586.0
22733.0
22885.0
22985.0
23129.0
23228.0
23430.0
23585.0
23638.0
23690.0
23846.0
24001.0
24100.0
24202.0
24410.0
24512.0
24663.0
24715.0
24819.0
24966.0
25066.0
25162.0
25262.0
25364.0
25458.0
25509.0
25756.0
25857.0
26010.0
26117.0
26311.0
26458.0
26564.0
26660.0
26764.0
26868.0
26921.0
27066.0
27222.0
27319.0
27518.0
27567.0
27672.0
27823.0
27929.0
28030.0
28082.0
28233.0
28336.0
28525.0
28678.0
28781.0
28936.0
29043.0
29143.0
29196.0
29348.0
29552.0
29650.0
29756.0
29959.0
30063.0
30162.0
30215.0
30411.0
30466.0
30569.0
30725.0
30776.0
30874.0
31068.0
31167.0
31323.0
31425.0
31525.0
31629.0
31729.0
31829.0
31930.0
32026.0
32228.0
32330.0
32531.0
32582.0
32686.0
32886.0
32939.0
33036.0
33140.0
33240.0
33445.0
33594.0
33648.0
33747.0
33900.0
34003.0
34155.0
34257.0
34311.0
34510.0
34660.0
34762.0
34815.0
35014.0
35118.0
35220.0
35317.0
35470.0
35572.0
35672.0
35820.0
35920.0
36125.0
36174.0
36280.0
36380.0
36486.0
36731.0
36830.0
36930.0
37081.0
37180.0
37278.0
37327.0
37479.0
37581.0
37673.0
37727.0
37925.0
38077.0
38183.0
38234.0
38387.0
38588.0
38638.0
38793.0
38845.0
38944.0
39150.0
39253.0
39356.0
39461.0
39562.0
39713.0
39817.0
40018.0
40067.0
40169.0
40365.0
40467.0
40525.0
40629.0
40730.0
40972.0
41077.0
41185.0
41288.0
41441.0
41592.0
41644.0
41746.0
41848.0
41951.0
42055.0
42156.0
42364.0
42463.0
42566.0
42718.0
42818.0
43016.0
43115.0
43218.0
43316.0
43418.0
43618.0
43716.0
43817.0
43972.0
44074.0
44229.0
44280.0
44331.0
44483.0
44633.0
44787.0
44893.0
44995.0
45102.0
45250.0
45303.0
45405.0
45553.0
45653.0
45752.0
45853.0
46049.0
46150.0
46302.0
46401.0
46505.0
46660.0
46806.0
46853.0
47008.0
47152.0
47304.0
47407.0
47504.0
47654.0
47755.0
47901.0
47952.0
48102.0
48203.0
48305.0
48454.0
48603.0
48705.0
48757.0
48857.0
48909.0
